4,041	5,20	24,10
4,042	5,18	24,10
4,041	5,18	24,10
4,040	5,19	24,10
4,038	5,21	24,10
4,042	5,23	24,10
4,042	5,18	24,10
4,041	5,20	24,10
4,042	5,20	24,10
4,040	5,18	24,10
4,040	5,18	24,10
4,043	5,19	24,10
4,041	5,16	24,10
4,040	5,21	24,10
4,042	5,19	24,10
4,041	5,20	24,10
4,041	5,21	24,10
4,040	5,19	24,10
4,042	5,21	24,10
4,041	5,19	24,10
4,042	5,20	24,10
4,042	5,21	24,10
4,040	5,18	24,10
4,041	5,19	24,10
4,043	5,20	24,10
4,040	5,20	24,10
4,043	5,21	24,10
4,042	5,21	24,10
4,040	5,24	24,10
4,042	5,22	24,10
4,040	5,20	24,10
4,039	5,18	24,10
4,040	5,18	24,10
4,042	5,21	24,10
4,041	5,22	24,10
4,041	5,20	24,10
4,042	5,19	24,10
4,042	5,18	24,10
4,041	5,20	24,10
4,042	5,18	24,10
4,041	5,20	24,10
4,040	5,19	24,10
4,040	5,21	24,10
4,042	5,19	24,10
4,041	5,21	24,10
4,040	5,21	24,10
4,042	5,24	24,10
4,042	5,23	24,10
4,041	5,19	24,10
4,042	5,20	24,10
4,041	5,18	24,10
4,040	5,19	24,10
4,041	5,17	24,10
4,041	5,18	24,10
4,042	5,19	24,10
4,040	5,19	24,10
4,041	5,16	24,10
4,041	5,21	24,10
4,042	5,18	24,10
4,039	5,20	24,10
4,040	5,17	24,10
4,040	5,16	24,10
4,040	5,22	24,10
4,041	5,19	24,10
4,041	5,22	24,10
4,040	5,22	24,10
4,043	5,18	24,10
4,041	5,18	24,10
4,040	5,19	24,10
4,040	5,21	24,10
4,041	5,21	24,10
4,040	5,18	24,10
4,042	5,18	24,10
4,038	5,20	24,10
4,042	5,17	24,10
4,040	5,17	24,10
4,042	5,19	24,10
4,041	5,20	24,10
4,040	5,17	24,10
4,044	5,21	24,10
4,041	5,24	24,10
4,041	5,20	24,10
4,040	5,21	24,10
4,043	5,18	24,10
4,040	5,21	24,10
4,042	5,20	24,10
4,042	5,19	24,10
4,041	5,17	24,10
4,042	5,17	24,10
4,041	5,18	24,10
4,042	5,20	24,10
4,040	5,19	24,10
4,040	5,20	24,10
4,040	5,16	24,10
4,039	5,19	24,10
4,041	5,21	24,10
4,043	5,20	24,10
4,042	5,19	24,10
4,042	5,15	24,10
4,041	5,20	24,10
4,042	5,21	24,10
4,042	5,20	24,10
4,041	5,20	24,10
4,041	5,20	24,10
4,041	5,17	24,10
4,040	5,20	24,10
4,039	5,21	24,10
4,040	5,18	24,10
4,041	5,17	24,10
4,043	5,20	24,10
4,041	5,20	24,10
4,042	5,22	24,10
4,039	5,21	24,10
4,040	5,21	24,10
4,039	5,20	24,10
4,041	5,20	24,10
4,040	5,18	24,10
4,041	5,18	24,10
4,040	5,20	24,10
4,041	5,19	24,10
4,041	5,19	24,10
4,042	5,17	24,10
4,040	5,15	24,10
4,042	5,20	24,10
4,043	5,20	24,10
4,040	5,19	24,10
4,042	5,16	24,10
4,042	5,19	24,10
4,040	5,19	24,10
4,041	5,20	24,10
4,041	5,17	24,10
4,040	5,17	24,10
4,043	5,20	24,10
4,042	5,19	24,10
4,041	5,19	24,10
4,042	5,20	24,10
4,041	5,21	24,10
4,042	5,20	24,10
4,041	5,20	24,10
4,041	5,21	24,10
4,043	5,16	24,10
4,041	5,18	24,10
4,041	5,20	24,10
4,040	5,21	24,10
4,039	5,21	24,10
4,041	5,19	24,10
4,040	5,21	24,10
4,040	5,18	24,10
4,040	5,21	24,10
4,041	5,19	24,10
4,042	5,23	24,10
4,040	5,19	24,10
4,041	5,22	24,10
4,042	5,18	24,10
4,040	5,16	24,10
4,042	5,18	24,10
4,043	5,19	24,10
4,042	5,19	24,10
4,039	5,23	24,10
4,043	5,19	24,10
4,044	5,18	24,10
4,041	5,19	24,10
4,040	5,18	24,10
4,040	5,18	24,10
4,041	5,20	24,10
4,041	5,19	24,10
4,041	5,19	24,10
4,039	5,19	24,10
4,041	5,21	24,10
4,041	5,16	24,10
4,040	5,19	24,10
4,040	5,22	24,10
4,040	5,19	24,10
4,043	5,16	24,10
4,042	5,20	24,10
4,041	5,18	24,10
4,040	5,20	24,10
4,042	5,20	24,10
4,042	5,20	24,10
4,042	5,18	24,10
4,041	5,18	24,10
4,041	5,17	24,10
4,041	5,17	24,10
4,041	5,16	24,10
4,042	5,20	24,10
4,041	5,18	24,10
4,040	5,16	24,10
4,039	5,20	24,10
4,041	5,20	24,10
4,042	5,19	24,10
4,042	5,19	24,10
4,042	5,23	24,10
4,041	5,21	24,10
4,040	5,19	24,10
4,040	5,20	24,10
4,042	5,22	24,10
4,041	5,19	24,10
4,042	5,19	24,10
4,040	5,19	24,10
4,040	5,16	24,10
4,040	5,16	24,10
4,040	5,18	24,10
4,041	5,21	24,10
4,042	5,19	24,10
4,039	5,19	24,10
4,040	5,23	24,10
4,041	5,22	24,10
4,041	5,21	24,10
4,040	5,19	24,10
4,042	5,17	24,10
4,043	5,21	24,10
4,041	5,18	24,10
4,042	5,20	24,10
4,043	5,18	24,10
4,040	5,20	24,10
4,043	5,20	24,10
4,040	5,20	24,10
4,041	5,19	24,10
4,040	5,20	24,10
4,041	5,20	24,10
4,041	5,22	24,10
4,041	5,19	24,10
4,040	5,20	24,10
4,039	5,21	24,10
4,041	5,18	24,10
4,041	5,22	24,10
4,041	5,19	24,10
4,040	5,22	24,10
4,040	5,17	24,10
4,039	5,17	24,10
1,056	5,20	24,10
1,058	5,19	24,10
1,057	5,21	24,10
1,057	5,20	24,10
1,057	5,18	24,10
1,055	5,20	24,10
1,056	5,17	24,10
1,057	5,21	24,10
1,058	5,17	24,10
1,056	5,21	24,10
1,057	5,19	24,10
1,056	5,18	24,10
1,057	5,16	24,10
1,057	5,22	24,10
1,056	5,21	24,10
1,056	5,20	24,10
1,057	5,20	24,10
1,059	5,20	24,10
1,056	5,26	24,10
1,057	5,19	24,10
1,057	5,18	24,10
1,056	5,21	24,10
1,058	5,17	24,10
1,057	5,21	24,10
1,057	5,19	24,10
1,055	5,19	24,10
1,058	5,19	24,10
1,056	5,18	24,10
1,056	5,22	24,10
1,057	5,21	24,10
1,057	5,16	24,10
1,058	5,18	24,10
1,056	5,12	24,10
1,055	5,20	24,10
1,055	5,18	24,10
1,057	5,16	24,10
1,057	5,19	24,10
1,055	5,21	24,10
1,055	5,20	24,10
1,056	5,18	24,10
1,057	5,18	24,10
1,058	5,23	24,10
1,057	5,20	24,10
1,055	5,20	24,10
1,057	5,19	24,10
1,057	5,20	24,10
1,056	5,23	24,10
1,056	5,19	24,10
1,057	5,20	24,10
1,055	5,16	24,10
1,058	5,19	24,10
1,055	5,18	24,10
1,057	5,20	24,10
1,056	5,20	24,10
1,056	5,22	24,10
1,057	5,21	24,10
1,057	5,20	24,10
1,058	5,18	24,10
1,057	5,16	24,10
1,055	5,23	24,10
1,057	5,19	24,10
1,055	5,21	24,10
1,057	5,20	24,10
1,055	5,16	24,10
1,059	5,17	24,10
1,058	5,20	24,10
1,057	5,19	24,10
1,058	5,18	24,10
1,057	5,21	24,10
1,058	5,21	24,10
1,058	5,19	24,10
1,055	5,19	24,10
1,055	5,19	24,10
1,055	5,19	24,10
1,057	5,19	24,10
1,056	5,19	24,10
1,056	5,21	24,10
1,056	5,17	24,10
1,055	5,18	24,10
1,057	5,20	24,10
1,057	5,23	24,10
1,056	5,16	24,10
1,056	5,18	24,10
1,058	5,19	24,10
1,057	5,20	24,10
1,057	5,21	24,10
1,055	5,20	24,10
1,056	5,17	24,10
1,056	5,20	24,10
1,056	5,20	24,10
1,056	5,17	24,10
1,056	5,19	24,10
1,056	5,20	24,10
1,056	5,19	24,10
1,057	5,20	24,10
1,059	5,15	24,10
1,058	5,22	24,10
1,058	5,16	24,10
1,057	5,18	24,10
1,056	5,17	24,10
1,057	5,26	24,10
1,055	5,20	24,10
1,056	5,18	24,10
1,058	5,20	24,10
1,058	5,16	24,10
1,057	5,19	24,10
1,058	5,13	24,10
1,057	5,20	24,10
1,056	5,21	24,10
1,056	5,14	24,10
1,058	5,11	24,10
1,058	5,17	24,10
1,058	5,21	24,10
1,059	5,20	24,10
1,056	5,23	24,10
1,057	5,17	24,10
1,059	5,19	24,10
1,055	5,21	24,10
1,056	5,21	24,10
1,057	5,24	24,10
1,056	5,17	24,10
1,057	5,20	24,10
1,059	5,18	24,10
1,056	5,13	24,10
1,056	5,21	24,10
1,056	5,20	24,10
1,059	5,18	24,10
1,059	5,16	24,10
1,055	5,17	24,10
1,057	5,27	24,10
1,056	5,19	24,10
1,056	5,19	24,10
1,055	5,20	24,10
1,056	5,17	24,10
1,057	5,20	24,10
1,056	5,20	24,10
1,057	5,20	24,10
1,056	5,21	24,10
1,057	5,18	24,10
1,056	5,17	24,10
1,057	5,20	24,10
1,058	5,24	24,10
1,055	5,18	24,10
1,058	5,18	24,10
1,055	5,20	24,10
1,057	5,19	24,10
1,057	5,17	24,10
1,057	5,17	24,10
1,057	5,22	24,10
1,057	5,17	24,10
1,055	5,17	24,10
1,056	5,22	24,10
1,057	5,20	24,10
1,057	5,20	24,10
1,057	5,20	24,10
1,058	5,15	24,10
1,056	5,13	24,10
1,057	5,18	24,10
1,056	5,18	24,10
1,057	5,18	24,10
1,058	5,13	24,10
1,056	5,20	24,10
1,058	5,24	24,10
1,057	5,19	24,10
1,058	5,20	24,10
1,057	5,23	24,10
1,055	5,20	24,10
1,056	5,17	24,10
1,056	5,19	24,10
1,056	5,15	24,10
1,058	5,22	24,10
1,055	5,28	24,10
1,057	5,19	24,10
1,056	5,18	24,10
1,056	5,10	24,10
1,056	5,26	24,10
1,057	5,22	24,10
1,057	5,17	24,10
1,056	5,14	24,10
1,056	5,22	24,10
1,056	5,27	24,10
1,056	5,19	24,10
1,057	5,19	24,10
1,055	5,14	24,10
1,056	5,16	24,10
1,056	5,22	24,10
1,057	5,21	24,10
1,057	5,19	24,10
1,055	5,11	24,10
1,055	5,20	24,10
1,057	5,26	24,10
1,058	5,19	24,10
1,057	5,19	24,10
1,057	5,11	24,10
1,056	5,21	24,10
1,056	5,21	24,10
1,055	5,19	24,10
1,055	5,19	24,10
1,055	5,15	24,10
1,055	5,11	24,10
1,056	5,21	24,10
1,057	5,20	24,10
1,057	5,18	24,10
1,056	5,11	24,10
1,054	5,13	24,10
1,056	5,18	24,10
1,057	5,20	24,10
1,057	5,18	24,10
1,055	5,25	24,10
1,059	5,12	24,10
1,059	5,21	24,10
1,056	5,19	24,10
1,057	5,13	24,11
1,055	5,08	24,11
1,056	5,21	24,11
1,058	5,18	24,10
1,056	5,23	24,11
1,058	5,09	24,11
1,059	5,10	24,10
1,057	5,20	24,11
1,055	5,22	24,10
1,055	5,30	24,10
1,058	5,32	24,11
1,056	5,27	24,11
1,056	5,19	24,10
1,056	5,18	24,11
1,056	5,14	24,11
1,057	5,21	24,11
1,056	5,18	24,11
1,057	5,20	24,11
1,055	5,14	24,11
1,057	5,08	24,11
1,056	5,34	24,11
1,057	5,21	24,11
1,057	5,19	24,10
1,057	5,13	24,11
1,055	5,27	24,11
1,055	5,15	24,11
1,058	5,21	24,11
1,058	5,19	24,11
1,057	5,14	24,11
1,058	5,13	24,11
1,055	5,19	24,11
1,057	5,19	24,11
1,057	5,22	24,11
1,055	5,13	24,11
1,056	5,16	24,11
1,056	5,20	24,11
1,057	5,18	24,11
1,055	5,15	24,11
1,057	5,13	24,11
1,057	5,22	24,11
1,057	5,19	24,11
1,056	5,18	24,11
1,056	5,12	24,11
1,056	5,17	24,11
1,056	5,22	24,11
1,055	5,19	24,11
1,056	5,17	24,11
1,055	5,21	24,11
1,056	5,18	24,11
1,056	5,20	24,11
1,057	5,20	24,11
1,059	5,16	24,11
1,059	5,14	24,11
1,057	5,20	24,11
1,057	5,19	24,11
1,057	5,20	24,11
1,056	5,17	24,11
1,056	5,22	24,11
1,056	5,21	24,11
1,057	5,19	24,11
1,055	5,20	24,11
1,059	5,17	24,11
1,057	5,16	24,11
1,059	5,19	24,11
1,055	5,20	24,11
1,057	5,25	24,11
1,056	5,21	24,11
1,056	5,22	24,11
1,056	5,20	24,11
1,055	5,20	24,11
1,057	5,22	24,11
1,055	5,15	24,11
1,057	5,22	24,11
1,056	5,19	24,11
1,057	5,20	24,11
1,056	5,22	24,11
1,056	5,13	24,11
1,056	5,19	24,11
1,057	5,18	24,11
1,057	5,17	24,11
1,056	5,21	24,11
1,058	5,23	24,11
1,058	5,19	24,11
1,055	5,17	24,11
1,056	5,17	24,11
1,057	5,19	24,11
1,057	5,16	24,11
1,057	5,19	24,11
1,056	5,22	24,11
1,057	5,24	24,11
1,055	5,18	24,11
1,058	5,20	24,11
1,056	5,21	24,11
1,056	5,19	24,11
1,057	5,22	24,11
1,057	5,27	24,11
1,056	5,19	24,11
1,056	5,21	24,11
1,056	5,14	24,11
1,056	5,20	24,11
1,056	5,16	24,11
1,055	5,19	24,11
1,055	5,25	24,11
1,055	5,12	24,11
1,056	5,12	24,11
1,056	5,18	24,11
1,055	5,21	24,11
1,056	5,13	24,11
1,057	5,14	24,11
1,057	5,27	24,11
1,058	5,19	24,11
1,056	5,19	24,11
1,058	5,15	24,11
1,056	5,26	24,11
1,057	5,15	24,11
1,055	5,19	24,11
1,058	5,17	24,11
1,055	5,07	24,11
1,058	5,35	24,11
1,055	5,17	24,11
1,056	5,21	24,11
1,056	5,23	24,11
1,056	5,16	24,11
1,055	5,24	24,11
1,057	5,17	24,11
1,057	5,20	24,11
1,057	5,15	24,11
1,056	5,18	24,11
1,057	5,26	24,11
1,055	5,20	24,11
1,056	5,20	24,11
1,056	5,12	24,11
1,057	5,27	24,11
1,058	5,20	24,11
1,056	5,18	24,11
1,055	5,17	24,11
1,056	5,10	24,11
1,057	5,09	24,11
1,056	5,19	24,11
1,057	5,18	24,11
1,057	5,12	24,11
1,056	5,21	24,11
1,056	5,23	24,11
1,057	5,20	24,11
1,057	5,22	24,11
1,057	5,10	24,11
1,056	5,08	24,11
1,055	5,15	24,11
1,058	5,19	24,11
1,056	5,19	24,11
1,057	5,31	24,11
1,056	5,34	24,11
1,057	5,20	24,11
1,057	5,20	24,11
1,056	5,15	24,11
1,057	5,09	24,11
1,057	5,22	24,11
1,057	5,20	24,11
1,056	5,21	24,11
1,058	5,13	24,11
1,057	5,22	24,11
1,057	5,17	24,11
1,057	5,22	24,11
1,058	5,23	24,11
1,059	5,24	24,11
1,056	5,13	24,11
1,058	5,19	24,11
1,056	5,20	24,11
1,056	5,19	24,11
1,055	5,21	24,11
1,057	5,20	24,11
1,057	5,18	24,11
1,056	5,19	24,11
1,056	5,20	24,11
1,055	5,23	24,11
