1,133	22,63	24,13
1,134	22,63	24,13
1,136	22,63	24,13
1,140	22,65	24,13
1,138	22,64	24,13
1,139	22,64	24,13
1,141	22,57	24,13
1,146	22,49	24,13
1,150	22,42	24,13
1,155	22,26	24,13
1,160	22,19	24,13
1,166	22,07	24,13
1,172	21,93	24,13
1,179	21,72	24,13
1,185	21,70	24,13
1,191	21,56	24,13
1,198	21,43	24,13
1,203	21,33	24,13
1,210	21,20	24,13
1,218	21,09	24,13
1,222	20,96	24,13
1,228	20,82	24,13
1,234	20,73	24,13
1,242	20,60	24,13
1,245	20,46	24,13
1,252	20,39	24,13
1,256	20,30	24,13
1,262	20,21	24,13
1,268	20,08	24,13
1,273	19,96	24,13
1,280	19,87	24,13
1,286	19,74	24,13
1,297	19,60	24,13
1,305	19,43	24,13
1,312	19,34	24,13
1,321	19,19	24,13
1,329	19,06	24,13
1,338	18,92	24,13
1,349	18,84	24,13
1,357	18,68	24,13
1,366	18,49	24,13
1,374	18,42	24,13
1,383	18,37	24,13
1,394	18,26	24,13
1,404	18,11	24,13
1,413	17,88	24,13
1,422	17,73	24,13
1,431	17,63	24,13
1,439	17,53	24,13
1,447	17,37	24,13
1,458	17,22	24,13
1,468	17,12	24,13
1,475	17,05	24,13
1,477	17,03	24,13
1,475	17,04	24,13
1,475	17,02	24,13
1,483	16,90	24,13
1,491	16,75	24,13
1,503	16,65	24,13
1,514	16,52	24,13
1,528	16,35	24,13
1,538	16,22	24,13
1,547	16,13	24,13
1,559	15,99	24,13
1,571	15,86	24,13
1,581	15,76	24,13
1,593	15,67	24,13
1,604	15,50	24,13
1,616	15,38	24,13
1,626	15,26	24,13
1,636	15,14	24,13
1,650	14,98	24,13
1,659	14,87	24,13
1,673	14,79	24,13
1,682	14,66	24,13
1,690	14,62	24,13
1,690	14,59	24,13
1,697	14,50	24,13
1,703	14,41	24,13
1,716	14,30	24,13
1,730	14,18	24,13
1,743	14,05	24,13
1,755	13,94	24,13
1,766	13,86	24,13
1,779	13,77	24,13
1,788	13,65	24,13
1,800	13,55	24,13
1,812	13,45	24,13
1,827	13,35	24,13
1,839	13,22	24,13
1,852	13,10	24,13
1,865	13,03	24,13
1,878	12,91	24,13
1,890	12,83	24,13
1,905	12,69	24,13
1,917	12,58	24,13
1,933	12,48	24,13
1,947	12,38	24,13
1,963	12,26	24,13
1,977	12,14	24,13
1,989	12,07	24,13
2,006	11,95	24,13
2,023	11,83	24,13
2,039	11,71	24,13
2,058	11,63	24,13
2,073	11,54	24,13
2,087	11,46	24,13
2,100	11,34	24,13
2,117	11,23	24,13
2,133	11,14	24,13
2,152	11,05	24,13
2,167	10,94	24,13
2,186	10,81	24,13
2,203	10,72	24,13
2,220	10,63	24,13
2,236	10,55	24,13
2,251	10,46	24,13
2,271	10,33	24,13
2,283	10,26	24,13
2,299	10,18	24,13
2,317	10,09	24,13
2,331	10,00	24,13
2,348	9,85	24,13
2,362	9,74	24,13
2,377	9,64	24,13
2,393	9,56	24,13
2,408	9,54	24,13
2,420	9,52	24,13
2,438	9,49	24,13
2,451	9,43	24,13
2,465	9,36	24,13
2,480	9,29	24,13
2,496	9,24	24,13
2,510	9,19	24,13
2,524	9,15	24,13
2,534	9,13	24,13
2,550	9,03	24,13
2,568	9,00	24,13
2,589	8,91	24,13
2,608	8,83	24,13
2,627	8,79	24,13
2,646	8,67	24,13
2,666	8,60	24,13
2,688	8,50	24,13
2,715	8,40	24,13
2,743	8,31	24,13
2,768	8,25	24,13
2,793	8,12	24,13
2,819	8,03	24,13
2,843	7,93	24,13
2,872	7,86	24,13
2,897	7,80	24,13
2,926	7,70	24,13
2,949	7,57	24,13
2,972	7,54	24,13
2,991	7,49	24,13
3,012	7,45	24,13
3,031	7,37	24,13
3,050	7,34	24,13
3,067	7,28	24,13
3,088	7,22	24,13
3,106	7,15	24,13
3,122	7,07	24,13
3,135	7,05	24,13
3,152	7,00	24,13
3,167	6,91	24,13
3,180	6,91	24,13
3,188	6,87	24,13
3,196	6,84	24,13
3,204	6,87	24,13
3,212	6,78	24,13
3,226	6,69	24,13
3,253	6,61	24,13
3,273	6,59	24,13
3,290	6,52	24,13
3,313	6,47	24,13
3,336	6,38	24,13
3,358	6,37	24,13
3,387	6,33	24,13
3,409	6,23	24,13
3,432	6,16	24,13
3,451	6,10	24,13
3,469	6,07	24,13
3,487	6,02	24,13
3,506	5,99	24,13
3,525	5,92	24,13
3,540	5,90	24,13
3,553	5,87	24,13
3,573	5,84	24,13
3,589	5,84	24,13
3,607	5,77	24,13
3,637	5,73	24,13
3,661	5,63	24,13
3,680	5,61	24,13
3,702	5,51	24,13
3,720	5,48	24,13
3,735	5,41	24,13
3,755	5,36	24,13
3,763	5,33	24,13
3,775	5,32	24,13
3,787	5,33	24,13
3,794	5,33	24,13
3,807	5,32	24,13
3,812	5,33	24,13
3,818	5,31	24,13
3,819	5,30	24,13
3,818	5,31	24,13
3,818	5,31	24,13
3,816	5,32	24,13
3,814	5,31	24,13
3,815	5,28	24,13
3,814	5,29	24,13
3,825	5,28	24,13
3,831	5,26	24,13
3,834	5,24	24,13
3,855	5,25	24,13
3,877	5,21	24,13
3,898	5,23	24,13
3,920	5,22	24,13
3,933	5,22	24,13
3,936	5,21	24,13
3,938	5,22	24,13
3,944	5,23	24,13
3,972	5,24	24,13
3,987	5,21	24,12
3,995	5,21	24,13
3,998	5,23	24,13
4,002	5,22	24,13
4,011	5,21	24,12
4,021	5,20	24,13
4,028	5,21	24,12
4,036	5,20	24,12
4,048	5,18	24,12
4,061	5,19	24,12
4,076	5,19	24,12
4,078	5,18	24,12
4,078	5,19	24,12
4,079	5,18	24,12
4,080	5,19	24,12
4,077	5,20	24,12
4,078	5,19	24,12
4,078	5,21	24,12
4,076	5,18	24,12
4,077	5,18	24,12
4,078	5,19	24,12
4,077	5,18	24,12
4,076	5,20	24,12
4,074	5,20	24,12
4,075	5,19	24,12
