1,055	20,02	24,13
1,056	20,02	24,13
1,055	20,02	24,13
1,055	20,02	24,13
1,055	20,02	24,13
1,053	20,02	24,13
1,055	20,02	24,13
1,056	20,02	24,13
1,054	20,02	24,13
1,054	20,02	24,13
1,055	20,02	24,13
1,054	20,02	24,13
1,054	20,02	24,13
1,053	20,02	24,13
1,055	20,02	24,13
1,055	20,02	24,13
1,055	20,02	24,13
1,056	20,02	24,13
1,055	20,02	24,13
1,055	20,02	24,13
1,054	20,02	24,13
1,055	20,02	24,13
1,054	20,02	24,13
1,055	20,02	24,13
1,054	20,02	24,13
1,055	20,02	24,13
1,055	20,02	24,13
1,052	20,02	24,13
1,055	20,02	24,13
1,056	20,02	24,13
1,056	20,02	24,13
1,054	20,02	24,13
1,055	20,02	24,13
1,055	20,02	24,13
1,055	20,02	24,13
1,055	20,02	24,13
1,054	20,02	24,13
1,054	20,02	24,13
1,053	20,02	24,13
1,054	20,02	24,13
1,055	20,02	24,13
1,054	20,02	24,13
1,055	20,02	24,13
1,056	20,02	24,13
1,055	20,02	24,13
1,054	20,02	24,13
1,054	20,02	24,13
1,054	20,02	24,13
1,056	20,02	24,13
1,056	20,02	24,13
1,054	20,02	24,13
1,055	20,02	24,13
1,055	20,02	24,13
1,054	20,02	24,13
1,055	20,02	24,13
1,054	20,02	24,13
1,055	20,02	24,13
1,055	20,02	24,13
1,055	20,02	24,13
1,054	20,02	24,13
1,054	20,02	24,13
1,053	20,02	24,13
1,055	20,02	24,13
1,055	20,02	24,13
1,055	20,02	24,13
1,055	20,02	24,13
1,055	20,02	24,13
1,054	20,02	24,13
1,054	20,02	24,13
1,055	20,02	24,13
1,055	20,02	24,13
1,055	20,02	24,13
1,054	20,02	24,13
1,055	20,02	24,13
1,055	20,02	24,13
1,054	20,02	24,13
1,055	20,02	24,13
1,053	20,02	24,13
1,054	20,02	24,13
1,053	20,02	24,13
1,055	20,02	24,13
1,054	20,02	24,13
1,054	20,02	24,13
1,054	20,02	24,13
1,056	20,02	24,13
1,055	20,02	24,13
1,055	20,02	24,13
1,054	20,02	24,13
1,055	20,02	24,13
1,055	20,02	24,13
1,055	20,02	24,13
1,054	20,02	24,13
1,056	20,02	24,13
1,056	20,02	24,13
1,054	20,02	24,13
1,056	19,97	24,13
1,055	19,98	24,13
1,053	19,99	24,13
1,054	19,98	24,13
1,053	19,98	24,13
1,053	19,98	24,13
1,055	19,99	24,13
1,057	19,99	24,13
1,054	19,99	24,13
1,054	19,99	24,13
1,054	19,99	24,13
1,055	19,99	24,13
1,055	19,99	24,13
1,054	19,99	24,13
1,055	20,00	24,13
1,055	20,00	24,13
1,054	19,99	24,13
1,056	20,00	24,13
1,055	19,99	24,13
1,055	20,00	24,13
1,054	20,00	24,13
1,055	20,00	24,13
1,055	19,99	24,13
1,054	19,99	24,13
1,055	19,99	24,13
1,054	20,00	24,13
1,055	20,00	24,13
1,055	20,00	24,13
1,057	19,98	24,13
1,054	19,98	24,13
1,054	19,98	24,13
1,054	19,99	24,13
1,054	19,99	24,13
1,055	20,00	24,13
1,054	20,00	24,13
1,055	20,00	24,13
1,055	20,00	24,13
1,055	20,00	24,13
1,055	20,01	24,13
1,054	20,01	24,13
1,054	20,00	24,13
1,054	20,01	24,13
1,055	20,01	24,13
1,055	20,01	24,13
1,055	20,01	24,13
1,055	20,01	24,13
1,054	20,01	24,13
1,053	20,00	24,13
1,054	20,01	24,13
1,056	20,00	24,13
1,055	20,01	24,13
1,054	20,01	24,13
1,054	20,01	24,13
1,055	20,01	24,13
1,054	20,01	24,12
1,053	20,01	24,12
1,054	20,01	24,12
1,056	20,01	24,12
1,054	20,01	24,12
1,055	20,01	24,12
1,056	20,01	24,12
1,053	20,01	24,12
1,053	20,01	24,12
1,055	20,01	24,12
1,053	20,01	24,11
1,055	20,01	24,11
1,053	20,01	24,11
1,054	20,01	24,11
1,054	20,01	24,11
1,055	20,01	24,11
1,055	20,01	24,11
1,053	20,01	24,11
1,054	20,01	24,11
1,053	20,01	24,11
1,053	20,01	24,10
1,055	20,01	24,10
1,057	20,01	24,10
1,054	20,01	24,10
1,055	20,01	24,10
1,055	20,01	24,10
1,053	20,01	24,10
1,053	20,01	24,10
1,054	20,01	24,10
1,052	20,01	24,10
1,051	20,01	24,09
1,054	20,01	24,09
1,053	20,01	24,09
1,053	20,01	24,09
1,054	20,01	24,09
1,053	20,01	24,09
1,053	20,01	24,09
1,053	20,01	24,09
1,054	20,01	24,08
1,054	20,01	24,08
1,053	20,01	24,08
1,052	20,01	24,08
1,054	20,01	24,08
1,054	20,01	24,07
1,054	20,01	24,07
1,054	20,01	24,07
1,055	20,01	24,07
1,055	20,01	24,07
1,054	20,01	24,06
1,054	20,01	24,06
1,054	20,01	24,06
1,053	20,01	24,06
1,053	20,01	24,05
1,053	20,01	24,05
1,054	20,01	24,05
1,054	20,01	24,05
1,056	20,01	24,05
1,053	20,01	24,05
1,055	20,01	24,05
1,055	20,01	24,04
1,053	20,01	24,04
1,054	20,01	24,04
1,054	20,01	24,04
1,053	20,01	24,03
1,054	20,01	24,03
1,054	20,01	24,03
1,054	20,01	24,03
1,054	20,01	24,03
1,054	20,01	24,03
1,053	20,01	24,02
1,054	20,01	24,02
1,054	20,01	24,02
1,053	20,01	24,01
1,054	20,01	24,01
1,054	20,01	24,01
1,053	20,01	24,01
1,055	20,00	24,01
1,053	20,01	24,00
1,055	20,01	24,00
1,054	20,01	24,00
1,054	20,01	24,00
1,055	20,01	23,99
1,055	20,01	23,99
1,055	20,01	23,99
1,054	20,01	23,99
1,053	20,01	23,98
1,055	20,01	23,98
1,051	20,01	23,98
1,054	20,01	23,98
1,054	20,01	23,97
1,055	20,01	23,97
1,054	20,01	23,97
1,054	20,01	23,96
1,053	20,01	23,96
1,054	20,01	23,96
1,055	20,01	23,95
1,054	20,01	23,95
1,053	20,01	23,95
1,055	20,01	23,94
1,054	20,01	23,94
1,053	20,01	23,94
1,054	20,01	23,94
1,054	20,01	23,94
1,054	20,01	23,94
1,054	20,01	23,94
1,053	20,01	23,93
1,055	20,01	23,93
1,057	20,01	23,93
1,055	20,01	23,93
1,055	20,01	23,93
1,053	20,02	23,93
1,054	20,01	23,93
1,054	20,01	23,93
1,054	20,01	23,93
1,054	20,01	23,93
1,054	20,01	23,93
1,052	20,01	23,93
1,055	20,01	23,93
1,053	20,01	23,93
1,054	20,01	23,93
1,054	20,01	23,93
1,055	20,01	23,93
1,053	20,01	23,93
1,054	20,01	23,92
1,054	20,01	23,92
1,054	20,01	23,92
1,055	20,01	23,92
1,054	20,01	23,92
1,055	20,01	23,92
1,055	20,01	23,92
1,058	20,01	23,92
1,053	20,01	23,92
1,056	20,01	23,92
1,054	20,01	23,92
1,055	20,01	23,92
1,055	20,01	23,91
1,052	20,01	23,91
1,053	20,01	23,91
1,053	20,01	23,91
1,054	20,01	23,91
1,053	20,01	23,91
1,053	20,01	23,91
1,054	20,01	23,91
1,055	20,01	23,91
1,054	20,01	23,91
1,055	20,01	23,91
1,054	20,01	23,90
1,054	20,01	23,90
1,056	20,01	23,90
1,056	20,01	23,90
1,054	20,01	23,90
1,055	20,01	23,90
1,053	20,01	23,90
1,054	20,01	23,90
1,055	20,00	23,90
1,055	20,01	23,90
1,055	20,01	23,90
1,055	20,01	23,90
1,055	20,01	23,90
1,054	20,02	23,89
1,054	20,01	23,89
1,053	20,01	23,89
1,055	20,01	23,89
1,053	20,01	23,89
1,055	20,02	23,89
1,054	20,01	23,89
1,055	20,01	23,89
1,055	20,01	23,89
1,055	20,01	23,89
1,055	20,01	23,88
1,055	20,01	23,88
1,054	20,01	23,88
1,055	20,01	23,88
1,055	20,01	23,88
1,054	20,01	23,88
1,055	20,01	23,88
1,055	20,02	23,88
1,055	20,01	23,88
1,055	20,01	23,88
1,055	20,01	23,88
1,054	20,01	23,88
1,055	20,01	23,87
1,054	20,01	23,87
1,055	20,01	23,87
1,053	20,01	23,87
1,054	20,01	23,87
1,055	20,02	23,87
1,053	20,01	23,87
1,053	20,01	23,87
1,056	20,01	23,87
1,055	20,01	23,87
1,053	20,02	23,87
1,053	20,01	23,87
1,056	20,01	23,87
1,054	20,01	23,87
1,055	20,01	23,87
1,055	20,02	23,87
1,054	20,01	23,86
1,053	20,01	23,86
1,054	20,01	23,86
1,055	20,01	23,86
1,056	20,01	23,86
1,054	20,01	23,86
1,055	20,01	23,86
1,054	20,02	23,86
1,056	20,02	23,86
1,053	20,02	23,86
1,055	20,01	23,86
1,055	20,01	23,86
1,055	20,01	23,86
1,056	20,01	23,86
1,054	20,01	23,86
1,054	20,01	23,86
1,055	20,02	23,86
1,055	20,01	23,86
1,054	20,01	23,86
1,056	20,01	23,86
1,053	20,01	23,86
1,054	20,01	23,86
1,054	20,01	23,86
1,054	20,01	23,86
1,055	20,01	23,86
1,054	20,01	23,85
1,052	20,01	23,85
1,055	20,02	23,85
1,055	20,01	23,85
1,055	20,01	23,85
1,054	20,02	23,85
1,055	20,01	23,85
1,054	20,02	23,85
1,054	20,01	23,85
1,055	20,01	23,85
1,053	20,01	23,85
1,056	20,01	23,85
1,055	20,02	23,85
1,053	20,01	23,85
1,054	20,01	23,85
1,054	20,01	23,85
1,054	20,02	23,85
1,052	20,01	23,85
1,054	20,01	23,85
1,054	20,01	23,85
1,054	20,02	23,85
1,057	20,01	23,85
1,055	20,01	23,85
1,055	20,01	23,85
1,055	20,01	23,85
1,056	20,01	23,85
1,055	20,01	23,85
1,054	20,01	23,85
1,055	20,01	23,85
1,056	20,01	23,85
1,054	20,01	23,85
1,056	20,01	23,85
1,054	20,02	23,85
1,055	20,01	23,85
1,056	20,01	23,85
1,055	20,02	23,85
1,055	20,01	23,85
1,055	20,02	23,85
1,055	20,01	23,86
1,056	20,01	23,86
1,056	20,01	23,85
1,054	20,01	23,85
1,053	20,01	23,86
1,055	20,01	23,86
1,055	20,01	23,86
1,054	20,02	23,86
1,054	20,02	23,86
1,055	20,02	23,86
1,054	20,01	23,86
1,055	20,01	23,86
1,053	20,01	23,86
1,053	20,01	23,86
1,055	20,01	23,86
1,056	20,01	23,86
1,054	20,01	23,86
1,053	20,01	23,86
1,055	20,02	23,86
1,056	20,02	23,86
1,053	20,02	23,86
1,053	20,01	23,85
1,053	20,02	23,85
1,055	20,01	23,85
1,053	20,01	23,85
1,054	20,01	23,84
1,056	20,02	23,84
1,053	20,01	23,84
1,053	20,01	23,84
1,054	20,02	23,83
1,053	20,01	23,83
1,054	20,02	23,83
1,053	20,02	23,82
1,054	20,01	23,82
1,054	20,02	23,82
1,054	20,01	23,82
1,051	20,01	23,81
1,054	20,01	23,81
1,054	20,02	23,80
1,054	20,01	23,80
1,053	20,01	23,80
1,056	20,01	23,80
1,055	20,01	23,79
1,055	20,01	23,79
1,056	20,01	23,78
1,056	20,02	23,78
1,054	20,01	23,78
1,056	20,01	23,78
1,055	20,02	23,77
1,055	20,01	23,77
1,055	20,01	23,77
1,053	20,01	23,76
1,054	20,02	23,76
1,056	20,02	23,75
1,057	20,01	23,75
1,055	20,01	23,75
1,056	20,01	23,74
1,056	20,01	23,73
1,054	20,02	23,73
1,055	20,01	23,73
1,055	19,96	23,72
1,056	19,97	23,71
1,057	20,00	23,71
1,055	20,00	23,70
1,054	20,04	23,70
1,055	20,10	23,69
1,055	20,14	23,69
1,053	20,19	23,68
1,057	20,25	23,68
1,055	20,25	23,67
1,053	20,28	23,67
1,054	20,31	23,66
1,055	20,34	23,66
1,055	20,35	23,65
1,053	20,36	23,65
1,054	20,36	23,65
1,056	20,36	23,64
1,056	20,37	23,64
1,053	20,36	23,64
1,055	20,33	23,63
1,055	20,32	23,63
1,055	20,26	23,63
1,055	20,27	23,63
1,053	20,28	23,63
1,055	20,28	23,63
1,056	20,24	23,62
1,054	20,17	23,62
1,055	20,11	23,62
1,055	20,07	23,62
1,054	20,05	23,61
1,055	20,04	23,61
1,055	20,01	23,61
1,056	20,00	23,61
1,057	20,01	23,60
1,057	20,01	23,60
1,053	20,01	23,60
1,056	19,99	23,60
1,054	19,98	23,60
1,055	19,98	23,60
1,057	20,04	23,59
1,056	20,07	23,59
1,055	20,08	23,59
1,055	20,10	23,58
1,055	20,09	23,58
1,055	20,12	23,58
1,054	20,16	23,57
1,055	20,17	23,57
1,055	20,21	23,57
1,055	20,24	23,56
1,055	20,25	23,56
1,056	20,28	23,56
1,053	20,31	23,56
1,056	20,33	23,55
1,055	20,32	23,55
1,055	20,34	23,54
1,053	20,36	23,54
1,055	20,42	23,54
1,055	20,44	23,53
1,054	20,47	23,53
1,054	20,48	23,52
1,054	20,48	23,52
1,053	20,50	23,52
1,055	20,52	23,51
1,056	20,52	23,51
1,054	20,48	23,50
1,054	20,48	23,50
1,055	20,51	23,49
1,056	20,51	23,49
1,054	20,47	23,48
1,052	20,44	23,48
1,055	20,42	23,48
1,057	20,40	23,47
1,056	20,41	23,47
1,054	20,39	23,46
1,055	20,41	23,46
1,055	20,42	23,45
1,055	20,44	23,45
1,053	20,43	23,45
1,055	20,36	23,44
1,054	20,28	23,43
1,054	20,29	23,43
1,055	20,24	23,43
1,055	20,18	23,42
1,055	20,13	23,42
1,054	20,08	23,41
1,056	20,05	23,41
1,057	20,03	23,40
1,057	19,98	23,40
1,054	19,96	23,39
1,054	19,93	23,39
1,056	19,87	23,39
1,054	19,87	23,38
1,056	19,83	23,38
1,057	19,79	23,37
1,055	19,71	23,37
1,056	19,63	23,37
1,054	19,63	23,36
1,055	19,63	23,36
1,054	19,63	23,35
1,055	19,63	23,35
1,054	19,60	23,34
1,055	19,61	23,34
1,057	19,65	23,33
1,055	19,68	23,33
1,055	19,72	23,32
1,055	19,75	23,32
1,054	19,76	23,31
1,055	19,76	23,31
1,056	19,73	23,30
1,054	19,75	23,30
1,055	19,75	23,29
1,055	19,79	23,29
1,055	19,80	23,28
1,056	19,80	23,28
1,055	19,80	23,28
1,054	19,80	23,27
1,054	19,80	23,27
1,056	19,80	23,26
1,054	19,80	23,26
1,055	19,81	23,25
1,056	19,81	23,25
1,054	19,81	23,24
1,054	19,81	23,24
1,054	19,81	23,23
1,053	19,81	23,23
1,057	19,81	23,22
1,055	19,81	23,22
1,056	19,81	23,22
1,057	19,81	23,21
1,054	19,81	23,21
1,055	19,81	23,20
1,055	19,81	23,20
1,054	19,81	23,19
1,055	19,81	23,19
1,055	19,81	23,19
1,055	19,81	23,18
1,055	19,82	23,18
1,055	19,81	23,17
1,055	19,81	23,17
1,054	19,82	23,17
1,054	19,82	23,16
1,055	19,81	23,16
1,055	19,82	23,16
1,054	19,81	23,15
1,057	19,82	23,15
1,055	19,82	23,15
1,055	19,82	23,15
1,056	19,82	23,14
1,054	19,81	23,14
1,054	19,82	23,14
1,054	19,81	23,13
1,055	19,81	23,13
1,055	19,82	23,13
1,055	19,82	23,12
1,054	19,82	23,12
1,054	19,82	23,12
1,054	19,81	23,11
1,053	19,82	23,11
1,053	19,83	23,11
1,055	19,82	23,11
1,054	19,82	23,10
1,056	19,82	23,10
1,053	19,83	23,10
1,054	19,82	23,09
1,054	19,82	23,09
1,054	19,82	23,09
1,055	19,82	23,08
1,054	19,82	23,08
1,054	19,82	23,08
1,055	19,82	23,08
1,056	19,82	23,08
1,055	19,82	23,07
1,055	19,81	23,07
1,054	19,82	23,07
1,052	19,82	23,06
1,054	19,82	23,06
1,055	19,81	23,06
1,056	19,81	23,06
1,054	19,81	23,06
1,054	19,80	23,06
1,053	19,76	23,06
1,054	19,78	23,07
1,054	19,79	23,07
1,054	19,80	23,08
1,054	19,79	23,09
1,055	19,82	23,11
1,052	19,82	23,12
1,055	19,83	23,13
1,054	19,84	23,15
1,054	19,85	23,16
1,052	19,84	23,17
1,053	19,84	23,19
1,054	19,84	23,20
1,055	19,85	23,21
1,053	19,84	23,23
1,056	19,84	23,24
1,052	19,84	23,25
1,053	19,84	23,26
1,054	19,84	23,28
1,055	19,84	23,28
1,055	19,85	23,30
1,054	19,84	23,31
1,055	19,85	23,32
1,056	19,84	23,32
1,055	19,85	23,34
1,052	19,84	23,35
1,054	19,85	23,35
1,055	19,84	23,36
1,056	19,84	23,37
1,054	19,84	23,38
1,055	19,85	23,39
1,056	19,85	23,40
1,057	19,85	23,41
1,055	19,85	23,42
1,055	19,85	23,43
1,053	19,85	23,43
1,054	19,85	23,44
1,054	19,85	23,45
1,055	19,85	23,46
1,055	19,84	23,46
1,055	19,85	23,47
1,054	19,85	23,48
1,056	19,84	23,49
1,053	19,84	23,49
1,054	19,85	23,50
1,055	19,85	23,50
1,055	19,85	23,51
1,053	19,85	23,52
1,054	19,85	23,52
1,056	19,83	23,53
1,055	19,84	23,54
1,054	19,85	23,54
1,053	19,84	23,55
1,053	19,84	23,56
1,054	19,85	23,56
1,055	19,85	23,57
1,055	19,84	23,57
1,054	19,84	23,58
1,055	19,85	23,58
1,054	19,84	23,59
1,055	19,85	23,60
1,057	19,85	23,60
1,055	19,85	23,61
1,055	19,85	23,61
1,054	19,85	23,62
1,056	19,85	23,62
1,055	19,85	23,63
1,055	19,85	23,63
1,054	19,84	23,64
1,055	19,85	23,64
1,054	19,85	23,65
1,053	19,85	23,65
1,054	19,85	23,65
1,054	19,85	23,66
1,055	19,85	23,66
1,055	19,85	23,67
1,055	19,85	23,67
1,055	19,86	23,68
1,055	19,85	23,68
1,055	19,85	23,68
1,055	19,85	23,69
1,055	19,85	23,69
1,056	19,85	23,70
1,054	19,85	23,70
1,055	19,85	23,71
1,053	19,81	23,71
1,052	19,83	23,71
1,054	19,85	23,71
1,053	19,84	23,72
1,055	19,85	23,72
1,055	19,85	23,73
1,054	19,86	23,73
1,057	19,86	23,74
1,055	19,85	23,74
1,055	19,86	23,75
1,056	19,86	23,75
1,056	19,86	23,75
1,054	19,86	23,76
1,055	19,85	23,77
1,056	19,85	23,77
1,055	19,86	23,77
1,057	19,85	23,78
1,057	19,86	23,78
1,058	19,86	23,79
1,056	19,86	23,79
1,055	19,86	23,79
1,055	19,86	23,80
1,056	19,86	23,80
1,056	19,86	23,81
1,055	19,86	23,81
1,055	19,86	23,82
1,054	19,86	23,82
1,055	19,86	23,82
1,053	19,86	23,82
1,056	19,86	23,83
1,055	19,86	23,83
1,055	19,86	23,84
1,054	19,86	23,84
1,057	19,86	23,84
1,055	19,86	23,85
1,055	19,86	23,85
1,056	19,86	23,85
1,055	19,86	23,86
1,054	19,86	23,86
1,056	19,86	23,86
1,054	19,86	23,86
1,054	19,86	23,87
1,056	19,86	23,87
1,056	19,86	23,87
1,054	19,86	23,87
1,055	19,86	23,88
1,055	19,86	23,88
1,054	19,86	23,88
1,057	19,86	23,88
1,056	19,86	23,89
1,054	19,86	23,89
1,055	19,86	23,89
1,054	19,86	23,89
1,056	19,86	23,90
1,056	19,86	23,90
1,056	19,86	23,90
1,055	19,86	23,90
1,055	19,86	23,90
1,057	19,86	23,90
1,055	19,86	23,91
1,055	19,86	23,91
1,054	19,85	23,91
1,057	19,86	23,91
1,055	19,86	23,91
1,056	19,86	23,92
1,054	19,86	23,92
1,056	19,86	23,92
1,055	19,86	23,92
1,056	19,86	23,92
1,055	19,86	23,92
1,055	19,86	23,93
1,056	19,86	23,93
1,056	19,86	23,93
1,056	19,86	23,93
1,053	19,84	23,93
1,056	19,85	23,93
1,057	19,85	23,93
1,053	19,85	23,94
1,055	19,86	23,94
1,056	19,86	23,94
1,056	19,86	23,94
1,056	19,86	23,94
1,054	19,84	23,94
1,057	19,84	23,94
1,055	19,84	23,94
1,056	19,85	23,94
1,057	19,85	23,94
1,055	19,82	23,94
1,057	19,81	23,95
1,056	19,83	23,95
1,053	19,83	23,95
1,056	19,83	23,95
1,053	19,81	23,95
1,054	19,84	23,95
1,053	19,84	23,94
1,054	19,83	23,94
1,054	19,84	23,94
1,056	19,84	23,94
1,053	19,84	23,94
1,053	19,84	23,94
1,056	19,84	23,94
1,057	19,85	23,94
1,054	19,84	23,94
1,054	19,84	23,94
1,056	19,85	23,94
1,053	19,85	23,94
1,055	19,85	23,94
1,053	19,85	23,93
1,057	19,85	23,93
1,056	19,85	23,93
1,056	19,85	23,93
1,054	19,85	23,92
1,056	19,84	23,92
1,054	19,84	23,92
1,054	19,85	23,92
1,055	19,85	23,92
1,054	19,85	23,91
1,054	19,85	23,91
1,056	19,85	23,91
1,055	19,85	23,90
1,055	19,85	23,90
1,054	19,85	23,90
1,055	19,85	23,89
1,055	19,85	23,89
1,055	19,85	23,88
1,054	19,85	23,88
1,055	19,85	23,87
1,054	19,85	23,87
1,055	19,85	23,86
1,054	19,85	23,86
1,056	19,85	23,85
1,055	19,85	23,84
1,054	19,85	23,84
1,057	19,85	23,83
1,054	19,85	23,83
1,054	19,85	23,82
1,055	19,85	23,81
1,055	19,85	23,81
1,056	19,85	23,80
1,055	19,85	23,80
1,055	19,85	23,79
1,054	19,85	23,78
1,055	19,85	23,78
1,054	19,85	23,77
1,056	19,85	23,77
1,054	19,85	23,76
1,055	19,85	23,75
1,053	19,85	23,75
1,054	19,85	23,74
1,056	19,85	23,73
1,053	19,85	23,73
1,055	19,85	23,72
1,055	19,85	23,71
1,055	19,85	23,70
1,055	19,85	23,70
1,054	19,85	23,69
1,055	19,85	23,68
1,054	19,85	23,67
1,054	19,85	23,67
1,054	19,85	23,66
1,054	19,85	23,65
1,054	19,85	23,64
1,054	19,85	23,63
1,054	19,85	23,63
1,056	19,85	23,62
1,056	19,85	23,61
1,056	19,85	23,60
1,055	19,85	23,59
1,056	19,85	23,58
