0,767	22,64	24,12
0,767	22,64	24,12
0,768	22,64	24,12
0,768	22,64	24,12
0,768	22,64	24,12
0,768	22,64	24,12
0,768	22,64	24,12
0,767	22,64	24,12
0,768	22,64	24,12
0,769	22,64	24,12
0,768	22,64	24,12
0,768	22,64	24,12
0,766	22,64	24,12
0,768	22,64	24,12
0,768	22,64	24,12
0,767	22,64	24,12
0,768	22,64	24,12
0,769	22,64	24,12
0,768	22,64	24,12
0,769	22,64	24,12
0,765	22,64	24,12
0,767	22,64	24,12
0,766	22,64	24,12
0,768	22,64	24,12
0,768	22,64	24,12
0,767	22,64	24,12
0,766	22,64	24,12
0,769	22,64	24,12
0,768	22,64	24,12
0,768	22,64	24,12
0,768	22,64	24,12
0,767	22,64	24,12
0,767	22,64	24,12
0,768	22,64	24,12
0,766	22,64	24,12
0,768	22,64	24,12
0,766	22,64	24,12
0,768	22,64	24,12
0,766	22,64	24,12
0,769	22,64	24,12
0,767	22,64	24,12
0,767	22,64	24,12
0,767	22,64	24,12
0,769	22,64	24,12
0,767	22,64	24,12
0,768	22,64	24,12
0,768	22,64	24,12
0,767	22,64	24,12
0,768	22,64	24,12
0,768	22,64	24,12
0,769	22,64	24,12
0,768	22,64	24,12
0,769	22,64	24,12
0,768	22,64	24,12
0,768	22,64	24,12
0,766	22,64	24,12
0,768	22,64	24,12
0,768	22,64	24,12
0,766	22,64	24,12
0,767	22,64	24,12
0,770	22,64	24,12
0,768	22,64	24,12
0,767	22,64	24,12
0,767	22,64	24,12
0,768	22,64	24,12
0,768	22,64	24,12
0,767	22,64	24,12
0,767	22,64	24,12
0,767	22,64	24,12
0,766	22,64	24,12
0,766	22,64	24,12
0,766	22,64	24,12
0,767	22,64	24,12
0,770	22,64	24,12
0,769	22,64	24,12
0,768	22,64	24,12
0,768	22,64	24,12
0,769	22,64	24,12
0,768	22,64	24,12
0,767	22,64	24,12
0,768	22,64	24,12
0,768	22,64	24,12
0,768	22,64	24,12
0,767	22,64	24,12
0,768	22,64	24,12
0,768	22,64	24,12
0,767	22,64	24,12
0,767	22,64	24,12
0,768	22,64	24,12
0,768	22,64	24,12
0,767	22,64	24,12
0,766	22,64	24,12
0,767	22,64	24,12
0,768	22,64	24,12
0,766	22,64	24,12
0,768	22,64	24,12
0,769	22,64	24,12
0,768	22,64	24,12
0,767	22,64	24,12
0,769	22,64	24,12
0,769	22,64	24,12
0,769	22,64	24,12
0,768	22,64	24,12
0,769	22,64	24,12
0,765	22,64	24,12
0,767	22,64	24,12
0,769	22,64	24,12
0,768	22,64	24,12
0,768	22,64	24,12
0,768	22,64	24,12
0,768	22,64	24,12
0,769	22,64	24,12
0,768	22,64	24,12
0,768	22,64	24,12
0,769	22,64	24,12
0,767	22,64	24,12
0,768	22,64	24,12
0,770	22,64	24,12
0,937	22,64	24,12
1,053	22,64	24,12
1,057	22,64	24,12
1,053	22,64	24,12
1,056	22,64	24,12
1,054	22,64	24,12
1,054	22,64	24,12
1,055	22,64	24,12
1,057	22,64	24,12
1,056	22,64	24,12
1,054	22,64	24,12
1,055	22,64	24,12
1,054	22,64	24,12
1,055	22,64	24,12
1,057	22,64	24,12
1,056	22,64	24,12
1,055	22,64	24,12
1,056	22,64	24,12
1,056	22,64	24,12
1,057	22,64	24,12
1,057	22,64	24,12
1,055	22,64	24,12
1,056	22,64	24,12
1,056	22,64	24,12
1,056	22,64	24,12
1,056	22,64	24,12
1,054	22,64	24,12
1,055	22,64	24,12
1,056	22,64	24,12
1,055	22,64	24,12
1,056	22,64	24,12
1,057	22,64	24,12
1,054	22,64	24,12
1,056	22,64	24,12
1,056	22,64	24,12
1,057	22,64	24,12
1,055	22,64	24,12
1,057	22,64	24,12
1,056	22,64	24,12
1,057	22,64	24,12
1,057	22,64	24,12
1,055	22,64	24,12
1,055	22,64	24,12
1,055	22,64	24,12
1,057	22,64	24,12
1,056	22,64	24,12
1,056	22,64	24,12
1,055	22,64	24,12
1,055	22,64	24,12
1,054	22,64	24,12
1,057	22,64	24,12
1,055	22,64	24,12
1,056	22,64	24,12
1,055	22,64	24,12
1,056	22,64	24,12
1,055	22,64	24,12
1,057	22,64	24,12
1,054	22,64	24,12
1,058	22,64	24,12
1,056	22,64	24,12
1,053	22,64	24,12
1,058	22,64	24,12
1,055	22,64	24,12
1,057	22,64	24,12
1,056	22,64	24,12
1,056	22,64	24,12
1,057	22,64	24,12
1,057	22,64	24,12
1,056	22,64	24,12
1,055	22,64	24,12
1,057	22,64	24,12
1,055	22,64	24,12
1,054	22,64	24,12
1,056	22,64	24,12
1,053	22,64	24,12
1,056	22,64	24,12
1,056	22,64	24,12
0,995	22,64	24,12
1,028	22,64	24,12
1,049	22,64	24,12
1,055	22,64	24,12
1,056	22,64	24,12
1,056	22,64	24,12
1,055	22,64	24,12
1,056	22,64	24,12
1,055	22,64	24,12
1,057	22,64	24,12
1,057	22,64	24,12
1,057	22,64	24,12
1,056	22,64	24,12
1,056	22,64	24,12
1,057	22,64	24,12
1,057	22,64	24,12
1,056	22,64	24,12
1,055	22,64	24,12
1,056	22,64	24,12
1,053	22,64	24,12
1,056	22,64	24,12
1,057	22,64	24,12
1,054	22,64	24,12
1,057	22,64	24,12
1,057	22,64	24,12
1,056	22,64	24,12
1,055	22,64	24,12
1,056	22,64	24,12
1,056	22,64	24,12
1,054	22,64	24,12
1,057	22,64	24,12
1,058	22,64	24,12
1,055	22,64	24,12
1,055	22,64	24,12
1,055	22,64	24,12
1,056	22,64	24,12
1,057	22,64	24,12
1,054	22,64	24,12
1,057	22,64	24,12
1,056	22,64	24,12
1,059	22,64	24,12
1,057	22,64	24,12
1,056	22,64	24,12
1,056	22,64	24,12
1,056	22,64	24,12
1,056	22,64	24,12
1,056	22,64	24,12
1,056	22,64	24,12
1,057	22,64	24,12
1,056	22,64	24,12
1,056	22,64	24,12
1,057	22,64	24,12
1,054	22,64	24,12
1,055	22,64	24,12
1,056	22,64	24,12
1,056	22,64	24,12
1,057	22,64	24,12
1,056	22,64	24,12
1,056	22,64	24,12
1,056	22,64	24,12
1,055	22,64	24,12
1,057	22,64	24,12
1,056	22,64	24,12
1,057	22,64	24,12
1,056	22,64	24,12
1,056	22,64	24,12
1,056	22,64	24,12
1,056	22,64	24,12
1,055	22,64	24,12
1,056	22,64	24,12
1,055	22,64	24,12
1,056	22,64	24,12
1,055	22,64	24,12
1,056	22,64	24,12
1,056	22,64	24,12
1,056	22,64	24,12
1,055	22,64	24,12
1,055	22,64	24,12
1,055	22,64	24,12
1,057	22,64	24,12
1,056	22,64	24,12
1,056	22,64	24,12
1,055	22,64	24,12
1,056	22,64	24,12
1,055	22,64	24,12
1,057	22,64	24,12
1,057	22,64	24,12
1,058	22,64	24,12
1,057	22,64	24,12
1,055	22,64	24,12
1,056	22,64	24,12
1,056	22,64	24,12
1,056	22,64	24,12
1,057	22,64	24,12
1,057	22,64	24,12
1,056	22,64	24,12
1,054	22,64	24,12
1,056	22,64	24,12
1,057	22,64	24,12
1,054	22,64	24,12
1,056	22,64	24,12
1,057	22,64	24,12
1,057	22,64	24,12
1,055	22,64	24,12
1,056	22,64	24,12
1,058	22,64	24,12
1,057	22,64	24,12
1,056	22,64	24,12
1,055	22,64	24,12
1,058	22,64	24,12
1,055	22,64	24,12
1,056	22,64	24,12
1,056	22,64	24,12
1,056	22,64	24,12
1,057	22,64	24,12
1,054	22,64	24,12
1,057	22,64	24,12
1,057	22,64	24,12
1,058	22,64	24,12
1,056	22,64	24,12
1,056	22,64	24,12
1,056	22,64	24,12
1,056	22,64	24,12
1,055	22,64	24,12
1,056	22,64	24,12
1,057	22,64	24,12
1,057	22,64	24,12
1,054	22,64	24,12
1,056	22,64	24,12
1,057	22,64	24,12
1,056	22,64	24,12
1,056	22,64	24,12
1,057	22,64	24,12
1,055	22,64	24,12
1,055	22,64	24,12
1,056	22,64	24,12
1,055	22,64	24,12
1,054	22,64	24,12
1,055	22,64	24,12
1,055	22,64	24,12
1,057	22,64	24,12
1,056	22,64	24,12
1,056	22,64	24,12
1,057	22,64	24,12
1,056	22,64	24,12
1,056	22,64	24,12
1,057	22,64	24,12
1,055	22,64	24,12
1,055	22,64	24,12
1,057	22,64	24,12
1,055	22,64	24,12
1,058	22,64	24,12
1,055	22,64	24,12
1,056	22,64	24,12
1,055	22,64	24,12
1,056	22,64	24,12
1,054	22,64	24,12
1,056	22,64	24,12
1,057	22,64	24,12
1,056	22,64	24,12
1,055	22,64	24,12
1,056	22,64	24,12
1,055	22,64	24,12
1,057	22,64	24,12
1,055	22,64	24,12
1,057	22,64	24,12
1,055	22,64	24,12
1,055	22,64	24,12
1,056	22,64	24,12
1,057	22,64	24,12
1,055	22,64	24,12
1,055	22,64	24,12
1,056	22,64	24,12
1,056	22,64	24,12
1,056	22,64	24,12
1,054	22,64	24,12
1,054	22,64	24,12
1,056	22,64	24,12
1,056	22,64	24,12
1,056	22,64	24,12
1,054	22,64	24,12
1,056	22,64	24,12
1,056	22,64	24,12
1,057	22,64	24,12
1,055	22,64	24,12
1,057	22,64	24,12
1,056	22,64	24,12
1,055	22,64	24,12
1,058	22,64	24,12
1,056	22,64	24,12
1,058	22,64	24,12
1,055	22,64	24,12
1,056	22,64	24,12
1,057	22,64	24,12
1,056	22,64	24,12
1,058	22,64	24,12
1,054	22,64	24,12
1,056	22,64	24,12
1,055	22,64	24,12
1,056	22,64	24,12
1,057	22,64	24,12
1,056	22,64	24,12
1,054	22,64	24,12
1,056	22,64	24,12
1,056	22,64	24,12
1,054	22,64	24,12
1,056	22,64	24,12
1,056	22,64	24,12
1,055	22,64	24,12
1,056	22,64	24,12
1,055	22,64	24,12
1,054	22,64	24,12
1,055	22,64	24,12
1,055	22,64	24,12
1,057	22,64	24,12
1,056	22,64	24,12
1,055	22,64	24,12
1,057	22,64	24,12
1,055	22,64	24,12
1,055	22,64	24,12
1,056	22,64	24,12
1,057	22,64	24,12
1,055	22,64	24,12
1,054	22,64	24,12
1,058	22,64	24,12
1,055	22,64	24,12
1,056	22,64	24,12
1,055	22,64	24,12
1,056	22,64	24,12
1,056	22,64	24,12
1,055	22,64	24,12
1,056	22,64	24,12
1,055	22,64	24,12
1,057	22,64	24,12
1,055	22,64	24,12
1,056	22,64	24,12
1,055	22,64	24,12
1,054	22,64	24,12
1,056	22,64	24,12
1,055	22,64	24,12
