1,099	22,65	15,11
1,101	22,65	15,11
1,099	22,65	15,11
1,099	22,65	15,12
1,100	22,65	15,12
1,099	22,65	15,12
1,100	22,65	15,12
1,100	22,65	15,12
1,101	22,65	15,12
1,099	22,65	15,13
1,101	22,65	15,13
1,100	22,65	15,13
1,100	22,65	15,13
1,099	22,65	15,13
1,101	22,65	15,14
1,100	22,65	15,14
1,100	22,65	15,14
1,100	22,65	15,14
1,101	22,65	15,14
1,100	22,65	15,14
1,100	22,65	15,15
1,098	22,65	15,15
1,101	22,65	15,15
1,100	22,65	15,15
1,100	22,65	15,15
1,101	22,65	15,15
1,100	22,65	15,15
1,100	22,65	15,15
1,099	22,65	15,15
1,101	22,65	15,16
1,099	22,65	15,16
1,100	22,65	15,16
1,100	22,65	15,16
1,101	22,65	15,16
1,100	22,65	15,16
1,100	22,65	15,16
1,100	22,65	15,16
1,100	22,65	15,17
1,100	22,65	15,17
1,101	22,65	15,17
1,100	22,65	15,17
1,100	22,65	15,17
1,101	22,65	15,17
1,101	22,65	15,17
1,099	22,65	15,17
1,100	22,65	15,17
1,100	22,65	15,18
1,100	22,65	15,18
1,100	22,65	15,18
1,099	22,65	15,18
1,101	22,65	15,18
1,100	22,65	15,18
1,099	22,65	15,18
1,099	22,65	15,18
1,099	22,65	15,18
1,100	22,65	15,18
1,101	22,65	15,18
1,101	22,65	15,18
1,101	22,65	15,18
1,100	22,65	15,19
1,101	22,65	15,19
1,100	22,65	15,19
1,100	22,65	15,19
1,100	22,65	15,19
1,099	22,65	15,19
1,100	22,65	15,19
1,101	22,65	15,19
1,100	22,65	15,19
1,101	22,65	15,19
1,101	22,65	15,20
1,099	22,65	15,20
1,101	22,65	15,20
1,100	22,65	15,20
1,102	22,65	15,20
1,100	22,65	15,20
1,100	22,65	15,20
1,100	22,65	15,20
1,099	22,65	15,20
1,100	22,65	15,20
1,101	22,65	15,20
1,101	22,65	15,20
1,099	22,65	15,21
1,100	22,65	15,21
1,100	22,65	15,21
1,100	22,65	15,21
1,101	22,65	15,21
1,101	22,65	15,21
1,099	22,65	15,21
1,101	22,65	15,21
1,101	22,65	15,21
1,100	22,65	15,21
1,100	22,65	15,21
1,101	22,65	15,21
1,102	22,65	15,21
1,100	22,65	15,21
1,101	22,65	15,21
1,099	22,65	15,21
1,101	22,65	15,22
1,101	22,65	15,22
1,100	22,65	15,22
1,101	22,65	15,22
1,101	22,65	15,22
