1,094	22,65	13,05
1,092	22,65	13,05
1,093	22,65	13,06
1,093	22,65	13,06
1,094	22,65	13,06
1,095	22,65	13,06
1,092	22,65	13,06
1,092	22,65	13,06
1,095	22,65	13,07
1,093	22,65	13,07
1,093	22,65	13,07
1,093	22,65	13,07
1,093	22,65	13,07
1,093	22,65	13,07
1,092	22,65	13,08
1,094	22,65	13,08
1,093	22,65	13,08
1,093	22,65	13,08
1,092	22,65	13,08
1,095	22,65	13,08
1,093	22,65	13,08
1,092	22,65	13,08
1,093	22,65	13,09
1,093	22,65	13,09
1,091	22,65	13,09
1,093	22,65	13,09
1,094	22,65	13,09
1,093	22,65	13,09
1,094	22,65	13,10
1,093	22,65	13,10
1,092	22,65	13,10
1,093	22,65	13,10
1,093	22,65	13,10
1,094	22,65	13,10
1,092	22,65	13,10
1,093	22,65	13,11
1,094	22,65	13,11
1,093	22,65	13,11
1,094	22,65	13,11
1,092	22,65	13,11
1,093	22,65	13,11
1,092	22,65	13,11
1,093	22,65	13,11
1,092	22,65	13,12
1,094	22,65	13,12
1,092	22,65	13,12
1,092	22,65	13,12
1,094	22,65	13,12
1,092	22,65	13,12
1,092	22,65	13,12
1,092	22,65	13,12
1,094	22,65	13,12
1,094	22,65	13,12
1,093	22,65	13,12
1,093	22,65	13,12
1,093	22,65	13,13
1,093	22,65	13,13
1,093	22,65	13,13
1,092	22,65	13,13
1,092	22,65	13,13
1,093	22,65	13,13
1,092	22,65	13,13
1,094	22,65	13,13
1,093	22,65	13,13
1,093	22,65	13,13
1,092	22,65	13,13
1,091	22,65	13,14
1,092	22,65	13,14
1,092	22,65	13,14
1,093	22,65	13,14
1,093	22,65	13,14
1,092	22,65	13,14
1,092	22,65	13,14
1,093	22,65	13,14
1,095	22,65	13,14
1,093	22,65	13,14
1,093	22,65	13,14
1,092	22,65	13,15
1,093	22,65	13,15
1,092	22,65	13,15
1,092	22,65	13,15
1,093	22,65	13,15
1,093	22,65	13,15
1,093	22,65	13,15
1,091	22,65	13,15
1,093	22,65	13,15
1,094	22,65	13,15
1,092	22,65	13,15
1,094	22,65	13,15
1,092	22,65	13,15
1,094	22,65	13,15
1,092	22,65	13,15
1,093	22,65	13,16
1,092	22,65	13,16
1,094	22,65	13,16
1,092	22,65	13,16
1,091	22,65	13,16
1,093	22,65	13,16
1,091	22,65	13,16
1,093	22,65	13,16
1,092	22,65	13,16
1,094	22,65	13,16
1,092	22,65	13,16
