1,082	22,65	10,21
1,082	22,65	10,21
1,083	22,65	10,21
1,083	22,65	10,21
1,083	22,65	10,21
1,082	22,65	10,21
1,082	22,65	10,21
1,082	22,65	10,21
1,083	22,65	10,21
1,083	22,65	10,21
1,082	22,65	10,21
1,084	22,65	10,21
1,082	22,65	10,21
1,083	22,65	10,22
1,082	22,65	10,22
1,082	22,65	10,22
1,084	22,65	10,22
1,084	22,65	10,22
1,083	22,65	10,22
1,082	22,65	10,22
1,083	22,65	10,22
1,083	22,65	10,22
1,083	22,65	10,22
1,083	22,65	10,22
1,084	22,65	10,22
1,082	22,65	10,22
1,084	22,65	10,22
1,083	22,65	10,22
1,083	22,65	10,22
1,082	22,65	10,22
1,083	22,65	10,22
1,083	22,65	10,23
1,081	22,65	10,23
1,083	22,65	10,23
1,083	22,65	10,23
1,082	22,65	10,23
1,083	22,65	10,23
1,084	22,65	10,23
1,082	22,65	10,23
1,082	22,65	10,23
1,082	22,65	10,23
1,083	22,65	10,23
1,083	22,65	10,24
1,082	22,65	10,24
1,081	22,65	10,24
1,082	22,65	10,24
1,083	22,65	10,24
1,082	22,65	10,24
1,083	22,65	10,25
1,082	22,65	10,25
1,081	22,65	10,25
1,083	22,65	10,25
1,084	22,65	10,26
1,082	22,65	10,26
1,082	22,65	10,26
1,081	22,65	10,26
1,083	22,65	10,26
1,084	22,65	10,27
1,084	22,65	10,27
1,082	22,65	10,27
1,082	22,65	10,27
1,083	22,65	10,27
1,082	22,65	10,28
1,083	22,65	10,28
1,082	22,65	10,28
1,082	22,65	10,28
1,083	22,65	10,28
1,083	22,65	10,28
1,083	22,65	10,28
1,082	22,65	10,28
1,083	22,65	10,29
1,083	22,65	10,29
1,083	22,65	10,29
1,082	22,65	10,29
1,083	22,65	10,29
1,084	22,65	10,29
1,083	22,65	10,30
1,083	22,65	10,30
1,083	22,65	10,30
1,085	22,65	10,30
1,082	22,65	10,30
1,082	22,65	10,30
1,082	22,65	10,30
1,082	22,65	10,31
1,084	22,65	10,31
1,082	22,65	10,31
1,081	22,65	10,31
1,083	22,65	10,31
1,083	22,65	10,31
1,081	22,65	10,31
1,083	22,65	10,31
1,083	22,65	10,31
1,082	22,65	10,31
1,083	22,65	10,32
1,083	22,65	10,32
1,084	22,65	10,32
1,082	22,65	10,32
1,083	22,65	10,32
1,084	22,65	10,32
1,083	22,65	10,32
1,084	22,65	10,32
1,083	22,65	10,32
1,083	22,65	10,32
1,083	22,65	10,33
1,083	22,65	10,33
1,082	22,65	10,33
1,082	22,65	10,33
1,084	22,65	10,33
1,083	22,65	10,33
1,083	22,65	10,33
1,083	22,65	10,33
1,083	22,65	10,33
1,083	22,65	10,33
1,083	22,65	10,33
1,082	22,65	10,33
1,082	22,65	10,33
1,082	22,65	10,33
1,083	22,65	10,33
1,082	22,65	10,33
1,084	22,65	10,33
1,084	22,65	10,33
1,082	22,65	10,33
1,082	22,65	10,34
1,083	22,65	10,34
1,082	22,65	10,34
1,082	22,65	10,34
1,083	22,65	10,34
1,084	22,65	10,34
1,082	22,65	10,34
1,085	22,65	10,34
1,084	22,65	10,34
1,083	22,65	10,34
1,083	22,65	10,34
1,082	22,65	10,34
1,083	22,65	10,34
1,083	22,65	10,34
1,082	22,65	10,35
1,083	22,65	10,35
1,083	22,65	10,35
1,083	22,65	10,35
1,083	22,65	10,35
1,082	22,65	10,35
1,082	22,65	10,35
1,082	22,65	10,35
1,082	22,65	10,35
1,084	22,65	10,35
1,082	22,65	10,35
1,083	22,65	10,35
1,084	22,65	10,35
1,083	22,65	10,35
1,082	22,65	10,35
1,084	22,65	10,35
1,081	22,65	10,36
1,082	22,65	10,36
1,082	22,65	10,36
1,084	22,65	10,36
1,082	22,65	10,36
1,083	22,65	10,36
1,082	22,65	10,36
1,084	22,65	10,36
1,083	22,65	10,36
1,082	22,65	10,36
1,084	22,65	10,36
1,083	22,65	10,36
