1,085	22,65	11,09
1,086	22,65	11,09
1,085	22,65	11,09
1,086	22,65	11,10
1,086	22,65	11,10
1,085	22,65	11,10
1,086	22,65	11,10
1,086	22,65	11,10
1,086	22,65	11,10
1,086	22,65	11,10
1,086	22,65	11,11
1,086	22,65	11,11
1,087	22,65	11,11
1,087	22,65	11,11
1,085	22,65	11,11
1,086	22,65	11,12
1,087	22,65	11,12
1,086	22,65	11,12
1,084	22,65	11,12
1,086	22,65	11,12
1,085	22,65	11,12
1,086	22,65	11,12
1,086	22,65	11,13
1,085	22,65	11,13
1,086	22,65	11,13
1,087	22,65	11,13
1,087	22,65	11,13
1,085	22,65	11,14
1,086	22,65	11,14
1,086	22,65	11,14
1,087	22,65	11,14
1,085	22,65	11,14
1,087	22,65	11,14
1,084	22,65	11,15
1,087	22,65	11,15
1,086	22,65	11,15
1,087	22,65	11,15
1,086	22,65	11,15
1,086	22,65	11,15
1,085	22,65	11,15
1,086	22,65	11,16
1,084	22,65	11,16
1,086	22,65	11,16
1,085	22,65	11,16
1,087	22,65	11,16
1,085	22,65	11,16
1,087	22,65	11,16
1,086	22,65	11,16
1,085	22,65	11,16
1,086	22,65	11,17
1,085	22,65	11,17
1,085	22,65	11,17
1,087	22,65	11,17
1,085	22,65	11,17
1,087	22,65	11,17
1,086	22,65	11,17
1,085	22,65	11,17
1,087	22,65	11,18
1,087	22,65	11,18
1,085	22,65	11,18
1,086	22,65	11,18
1,084	22,65	11,18
1,085	22,65	11,18
1,086	22,65	11,18
1,086	22,65	11,18
1,085	22,65	11,18
1,085	22,65	11,19
1,084	22,65	11,19
1,086	22,65	11,19
1,086	22,65	11,19
1,085	22,65	11,19
1,086	22,65	11,19
1,086	22,65	11,19
1,085	22,65	11,19
1,087	22,65	11,19
1,087	22,65	11,19
1,087	22,65	11,20
1,085	22,65	11,20
1,085	22,65	11,20
1,086	22,65	11,20
1,084	22,65	11,20
1,087	22,65	11,20
1,085	22,65	11,20
1,087	22,65	11,20
1,086	22,65	11,20
1,085	22,65	11,20
1,086	22,65	11,20
1,085	22,65	11,20
1,086	22,65	11,21
1,085	22,65	11,21
1,085	22,65	11,21
1,086	22,65	11,21
1,084	22,65	11,21
1,086	22,65	11,21
1,085	22,65	11,21
1,085	22,65	11,21
1,085	22,65	11,21
1,087	22,65	11,21
1,086	22,65	11,21
1,086	22,65	11,21
1,088	22,65	11,21
1,086	22,65	11,21
1,086	22,65	11,21
1,086	22,65	11,21
1,086	22,65	11,21
1,086	22,65	11,21
1,087	22,65	11,21
1,087	22,65	11,21
1,086	22,65	11,21
1,084	22,65	11,21
1,086	22,65	11,21
1,087	22,65	11,21
1,088	22,65	11,21
1,086	22,65	11,21
1,086	22,65	11,22
1,086	22,65	11,22
1,086	22,65	11,22
1,085	22,65	11,22
1,088	22,65	11,22
1,087	22,65	11,22
