1,116	22,65	19,14
1,114	22,65	19,14
1,115	22,65	19,14
1,116	22,65	19,15
1,117	22,65	19,15
1,116	22,65	19,15
1,116	22,65	19,15
1,114	22,65	19,15
1,116	22,65	19,15
1,117	22,65	19,15
1,116	22,65	19,15
1,116	22,65	19,16
1,117	22,65	19,16
1,114	22,65	19,16
1,115	22,65	19,16
1,116	22,65	19,16
1,116	22,65	19,16
1,117	22,65	19,16
1,118	22,65	19,17
1,115	22,65	19,17
1,117	22,65	19,17
1,115	22,65	19,17
1,116	22,65	19,17
1,115	22,65	19,17
1,115	22,65	19,17
1,115	22,65	19,18
1,115	22,65	19,18
1,115	22,65	19,18
1,115	22,65	19,18
1,115	22,65	19,18
1,117	22,65	19,18
1,116	22,65	19,18
1,117	22,65	19,18
1,116	22,65	19,19
1,117	22,65	19,19
1,116	22,65	19,19
1,115	22,65	19,19
1,113	22,65	19,19
1,115	22,65	19,19
1,115	22,65	19,19
1,115	22,65	19,19
1,117	22,65	19,19
1,115	22,65	19,19
1,115	22,65	19,19
1,115	22,65	19,19
1,116	22,65	19,20
1,115	22,65	19,20
1,115	22,65	19,20
1,116	22,65	19,20
1,116	22,65	19,20
1,115	22,65	19,20
1,115	22,65	19,20
1,117	22,65	19,20
1,115	22,65	19,20
1,117	22,65	19,20
1,116	22,65	19,20
1,115	22,65	19,21
1,116	22,65	19,21
1,115	22,65	19,21
1,116	22,65	19,21
1,114	22,65	19,21
1,115	22,65	19,21
1,114	22,65	19,21
1,117	22,65	19,21
1,114	22,65	19,21
1,115	22,65	19,21
1,114	22,65	19,21
1,115	22,65	19,21
1,116	22,65	19,21
1,117	22,65	19,22
1,116	22,65	19,22
1,115	22,65	19,22
1,116	22,65	19,22
1,115	22,65	19,22
1,118	22,65	19,22
1,116	22,65	19,22
1,114	22,65	19,22
1,115	22,65	19,22
1,116	22,65	19,22
1,116	22,65	19,22
1,116	22,65	19,22
1,115	22,65	19,22
1,115	22,65	19,22
1,117	22,65	19,22
1,116	22,65	19,22
1,114	22,65	19,22
1,116	22,65	19,22
1,117	22,65	19,22
1,117	22,65	19,22
1,117	22,65	19,22
1,116	22,65	19,22
1,116	22,65	19,22
1,116	22,65	19,23
1,116	22,65	19,23
1,117	22,65	19,23
1,115	22,65	19,23
1,115	22,65	19,23
1,117	22,65	19,23
1,117	22,65	19,23
1,116	22,65	19,23
1,117	22,65	19,23
1,115	22,65	19,23
1,116	22,65	19,23
