1.089	22.65	12.19
1.089	22.65	12.19
1.089	22.65	12.19
1.089	22.65	12.19
1.090	22.65	12.19
1.091	22.65	12.19
1.091	22.65	12.19
1.089	22.65	12.19
1.089	22.65	12.19
1.090	22.65	12.20
1.089	22.65	12.20
1.090	22.65	12.20
1.089	22.65	12.20
1.090	22.65	12.20
1.091	22.65	12.20
1.091	22.65	12.20
1.089	22.65	12.20
1.089	22.65	12.21
1.090	22.65	12.21
1.090	22.65	12.21
1.090	22.65	12.21
1.090	22.65	12.21
1.088	22.65	12.21
1.089	22.65	12.21
1.091	22.65	12.21
1.090	22.65	12.22
1.091	22.65	12.22
1.090	22.65	12.22
1.091	22.65	12.22
1.091	22.65	12.22
1.090	22.65	12.22
1.089	22.65	12.22
1.091	22.65	12.22
1.090	22.65	12.22
1.088	22.65	12.22
1.091	22.65	12.22
1.088	22.65	12.22
1.090	22.65	12.22
1.089	22.65	12.23
1.090	22.65	12.23
1.090	22.65	12.23
1.090	22.65	12.23
1.090	22.65	12.23
1.090	22.65	12.23
1.091	22.65	12.23
1.090	22.65	12.23
1.088	22.65	12.23
1.091	22.65	12.23
1.088	22.65	12.23
1.090	22.65	12.23
1.090	22.65	12.24
1.090	22.65	12.24
1.089	22.65	12.24
1.090	22.65	12.24
1.090	22.65	12.24
1.089	22.65	12.24
1.090	22.65	12.24
1.088	22.65	12.24
1.091	22.65	12.24
1.091	22.65	12.24
1.091	22.65	12.24
1.089	22.65	12.24
1.089	22.65	12.24
1.089	22.65	12.25
1.089	22.65	12.25
1.089	22.65	12.25
1.089	22.65	12.25
1.089	22.65	12.25
1.091	22.65	12.25
1.091	22.65	12.25
1.089	22.65	12.25
1.089	22.65	12.25
1.089	22.65	12.25
1.088	22.65	12.25
1.090	22.65	12.25
1.089	22.65	12.25
1.091	22.65	12.25
1.089	22.65	12.25
1.092	22.65	12.25
1.090	22.65	12.25
1.090	22.65	12.25
1.089	22.65	12.26
1.089	22.65	12.26
1.090	22.65	12.26
1.090	22.65	12.26
1.091	22.65	12.26
1.090	22.65	12.26
1.089	22.65	12.26
1.089	22.65	12.26
1.089	22.65	12.26
1.090	22.65	12.26
1.089	22.65	12.26
1.090	22.65	12.26
1.090	22.65	12.26
1.090	22.65	12.26
1.090	22.65	12.26
1.089	22.65	12.26
1.089	22.65	12.26
1.088	22.65	12.26
1.089	22.65	12.26
1.089	22.65	12.26
1.089	22.65	12.26
1.088	22.65	12.26
1.090	22.65	12.26
1.091	22.65	12.26
1.090	22.65	12.26
1.090	22.65	12.26
1.091	22.65	12.26
1.090	22.65	12.26
1.090	22.65	12.26
1.089	22.65	12.26
1.092	22.65	12.26
1.090	22.65	12.26
1.090	22.65	12.26
1.090	22.65	12.26
1.090	22.65	12.26
1.089	22.65	12.26
1.090	22.65	12.26
1.090	22.65	12.26
1.090	22.65	12.26
1.090	22.65	12.26
1.090	22.65	12.27
1.089	22.65	12.27
1.089	22.65	12.27
1.089	22.65	12.27
1.090	22.65	12.27
1.090	22.65	12.27
1.090	22.65	12.27
1.090	22.65	12.27
1.091	22.65	12.27
1.090	22.65	12.27
1.089	22.65	12.27
1.090	22.65	12.27
1.090	22.65	12.27
1.089	22.65	12.27
1.091	22.65	12.27
1.091	22.65	12.27
1.091	22.65	12.27
1.088	22.65	12.27
1.091	22.65	12.27
1.090	22.65	12.27
1.091	22.65	12.27
1.089	22.65	12.27
1.090	22.65	12.27
1.090	22.65	12.27
1.088	22.65	12.27
1.090	22.65	12.27
1.090	22.65	12.27
1.090	22.65	12.27
1.091	22.65	12.27
1.090	22.65	12.27
1.090	22.65	12.27
1.090	22.65	12.27
1.091	22.65	12.27
1.090	22.65	12.27
1.090	22.65	12.27
1.090	22.65	12.27
1.091	22.65	12.27
1.090	22.65	12.27
1.091	22.65	12.27
1.089	22.65	12.27
1.090	22.65	12.27
1.090	22.65	12.27
1.091	22.65	12.27
1.090	22.65	12.27
1.090	22.65	12.27
1.091	22.65	12.27
1.090	22.65	12.27
1.090	22.65	12.27
1.090	22.65	12.27
1.090	22.65	12.27
1.089	22.65	12.27
1.089	22.65	12.27
1.091	22.65	12.27
1.089	22.65	12.27
1.091	22.65	12.27
1.090	22.65	12.27
1.090	22.65	12.27
1.090	22.65	12.27
1.090	22.65	12.27
1.090	22.65	12.27
1.090	22.65	12.27
1.089	22.65	12.27
1.090	22.65	12.27
1.089	22.65	12.27
1.090	22.65	12.27
1.090	22.65	12.27
1.090	22.65	12.27
1.089	22.65	12.27
1.090	22.65	12.27
1.090	22.65	12.27
1.090	22.65	12.27
1.090	22.65	12.27
1.090	22.65	12.27
1.090	22.65	12.28
1.090	22.65	12.27
1.089	22.65	12.28
1.091	22.65	12.28
1.090	22.65	12.28
1.091	22.65	12.28
1.088	22.65	12.28
1.089	22.65	12.28
1.091	22.65	12.28
1.091	22.65	12.28
1.089	22.65	12.28
1.090	22.65	12.28
1.089	22.65	12.28
1.091	22.65	12.28
1.090	22.65	12.28
1.091	22.65	12.28
1.091	22.65	12.28
1.089	22.65	12.28
1.090	22.65	12.28
1.089	22.65	12.28
1.090	22.65	12.28
1.090	22.65	12.28
1.091	22.65	12.28
1.091	22.65	12.28
1.090	22.65	12.28
1.090	22.65	12.28
1.089	22.65	12.28
1.090	22.65	12.28
1.090	22.65	12.28
1.091	22.65	12.28
1.091	22.65	12.28
1.091	22.65	12.28
1.089	22.65	12.28
1.091	22.65	12.28
1.090	22.65	12.28
1.091	22.65	12.28
1.089	22.65	12.28
1.089	22.65	12.28
1.090	22.65	12.28
1.091	22.65	12.28
1.089	22.65	12.28
1.090	22.65	12.28
1.091	22.65	12.28
1.090	22.65	12.28
1.090	22.65	12.28
1.090	22.65	12.28
1.089	22.65	12.28
1.089	22.65	12.28
1.089	22.65	12.28
1.091	22.65	12.28
1.090	22.65	12.28
1.088	22.65	12.28
1.091	22.65	12.28
1.089	22.65	12.28
1.089	22.65	12.28
1.091	22.65	12.28
1.089	22.65	12.28
1.090	22.65	12.28
1.091	22.65	12.28
1.091	22.65	12.28
1.089	22.65	12.28
1.091	22.65	12.28
1.091	22.65	12.28
1.090	22.65	12.28
1.089	22.65	12.28
1.089	22.65	12.28
1.089	22.65	12.28
1.090	22.65	12.28
1.091	22.65	12.28
1.090	22.65	12.28
1.091	22.65	12.28
1.090	22.65	12.28
1.089	22.65	12.28
1.092	22.65	12.28
1.089	22.65	12.28
1.090	22.65	12.28
1.091	22.65	12.28
1.090	22.65	12.28
1.089	22.65	12.28
1.090	22.65	12.28
1.091	22.65	12.28
1.090	22.65	12.28
1.091	22.65	12.28
1.090	22.65	12.28
1.089	22.65	12.28
1.091	22.65	12.28
1.092	22.65	12.28
1.091	22.65	12.28
1.093	22.65	12.28
1.090	22.65	12.28
1.089	22.65	12.28
1.090	22.65	12.28
1.090	22.65	12.28
1.091	22.65	12.28
1.091	22.65	12.28
1.089	22.65	12.28
1.090	22.65	12.28
1.091	22.65	12.28
1.091	22.65	12.28
1.090	22.65	12.28
1.090	22.65	12.28
1.090	22.65	12.28
1.090	22.65	12.28
1.090	22.65	12.28
1.091	22.65	12.28
1.088	22.65	12.28
1.088	22.65	12.28
1.091	22.65	12.28
1.092	22.65	12.28
1.090	22.65	12.28
1.090	22.65	12.28
1.090	22.65	12.28
1.091	22.65	12.28
1.091	22.65	12.28
1.091	22.65	12.28
1.089	22.65	12.28
1.089	22.65	12.28
1.090	22.65	12.28
1.090	22.65	12.28
1.091	22.65	12.28
1.091	22.65	12.28
1.091	22.65	12.28
1.091	22.65	12.28
1.090	22.65	12.28
1.090	22.65	12.28
1.090	22.65	12.28
1.091	22.65	12.28
1.091	22.65	12.28
1.091	22.65	12.28
1.090	22.65	12.28
1.088	22.65	12.28
1.091	22.65	12.28
1.090	22.65	12.28
1.090	22.65	12.28
1.090	22.65	12.28
1.089	22.65	12.28
1.090	22.65	12.28
1.091	22.65	12.28
1.090	22.65	12.28
1.090	22.65	12.28
1.090	22.65	12.28
1.088	22.65	12.28
1.091	22.65	12.28
1.091	22.65	12.28
1.091	22.65	12.28
1.090	22.65	12.28
1.091	22.65	12.28
1.090	22.65	12.28
1.091	22.65	12.28
1.090	22.65	12.28
1.090	22.65	12.28
1.092	22.65	12.28
1.090	22.65	12.28
1.091	22.65	12.28
1.091	22.65	12.28
1.090	22.65	12.28
1.092	22.65	12.28
1.091	22.65	12.28
1.090	22.65	12.28
1.090	22.65	12.28
1.091	22.65	12.28
1.089	22.65	12.28
1.091	22.65	12.28
1.091	22.65	12.28
1.090	22.65	12.28
1.090	22.65	12.28
1.090	22.65	12.28
1.087	22.65	12.28
1.092	22.65	12.28
1.090	22.65	12.28
1.090	22.65	12.28
1.090	22.65	12.28
1.090	22.65	12.28
1.090	22.65	12.28
1.092	22.65	12.28
1.092	22.65	12.28
1.090	22.65	12.28
1.090	22.65	12.28
1.092	22.65	12.28
1.090	22.65	12.28
1.090	22.65	12.28
1.090	22.65	12.28
1.090	22.65	12.28
1.091	22.65	12.28
1.090	22.65	12.28
1.090	22.65	12.28
1.090	22.65	12.28
1.089	22.65	12.28
1.089	22.65	12.28
1.090	22.65	12.28
1.091	22.65	12.28
1.091	22.65	12.28
1.091	22.65	12.28
1.091	22.65	12.28
1.089	22.65	12.28
1.090	22.65	12.28
1.092	22.65	12.28
1.092	22.65	12.28
1.091	22.65	12.28
1.091	22.65	12.28
1.091	22.65	12.28
1.090	22.65	12.28
1.089	22.65	12.28
1.091	22.65	12.28
1.091	22.65	12.28
1.090	22.65	12.28
1.091	22.65	12.28
1.091	22.65	12.28
1.089	22.65	12.28
1.089	22.65	12.28
1.090	22.65	12.28
1.090	22.65	12.28
1.090	22.65	12.28
1.091	22.65	12.28
1.090	22.65	12.28
1.089	22.65	12.28
1.090	22.65	12.28
1.091	22.65	12.28
1.091	22.65	12.28
1.091	22.65	12.28
1.090	22.65	12.28
1.090	22.65	12.28
1.090	22.65	12.28
1.089	22.65	12.28
1.091	22.65	12.28
1.090	22.65	12.28
1.090	22.65	12.28
1.089	22.65	12.28
1.090	22.65	12.28
1.089	22.65	12.28
1.091	22.65	12.28
1.090	22.65	12.28
1.090	22.65	12.28
1.090	22.65	12.28
1.089	22.65	12.28
1.089	22.65	12.28
1.090	22.65	12.28
1.089	22.65	12.28
1.090	22.65	12.28
1.090	22.65	12.28
1.089	22.65	12.28
1.090	22.65	12.28
1.090	22.65	12.28
1.089	22.65	12.28
1.090	22.65	12.28
1.092	22.65	12.28
1.091	22.65	12.28
1.091	22.65	12.28
1.091	22.65	12.28
1.089	22.65	12.28
1.090	22.65	12.28
1.090	22.65	12.28
1.092	22.65	12.28
1.091	22.65	12.28
1.090	22.65	12.28
1.091	22.65	12.28
1.089	22.65	12.28
1.089	22.65	12.28
1.090	22.65	12.28
1.092	22.65	12.28
1.090	22.65	12.28
1.090	22.65	12.28
1.090	22.65	12.28
1.089	22.65	12.28
1.089	22.65	12.28
1.090	22.65	12.28
1.090	22.65	12.28
1.090	22.65	12.28
1.088	22.65	12.28
1.090	22.65	12.28
1.089	22.65	12.28
1.090	22.65	12.28
1.090	22.65	12.28
1.091	22.65	12.28
1.091	22.65	12.28
1.090	22.65	12.28
1.090	22.65	12.28
1.090	22.65	12.28
1.091	22.65	12.28
1.090	22.65	12.28
1.091	22.65	12.28
1.089	22.65	12.28
1.091	22.65	12.28
1.090	22.65	12.28
1.090	22.65	12.28
1.090	22.65	12.28
1.091	22.65	12.28
1.091	22.65	12.28
1.089	22.65	12.28
1.090	22.65	12.28
1.091	22.65	12.28
1.090	22.65	12.28
1.090	22.65	12.28
1.090	22.65	12.28
1.091	22.65	12.28
1.090	22.65	12.28
1.092	22.65	12.28
1.090	22.65	12.29
1.090	22.65	12.28
1.089	22.65	12.28
1.089	22.65	12.28
1.090	22.65	12.29
1.090	22.65	12.28
1.090	22.65	12.29
1.092	22.65	12.29
1.089	22.65	12.29
1.091	22.65	12.28
1.090	22.65	12.28
1.090	22.65	12.29
1.091	22.65	12.28
1.092	22.65	12.28
1.090	22.65	12.29
1.090	22.65	12.28
1.090	22.65	12.29
1.091	22.65	12.28
1.090	22.65	12.29
1.089	22.65	12.28
1.092	22.65	12.29
1.091	22.65	12.29
1.091	22.65	12.29
1.090	22.65	12.28
1.090	22.65	12.29
1.090	22.65	12.29
1.091	22.65	12.29
1.089	22.65	12.29
1.090	22.65	12.29
1.090	22.65	12.29
1.089	22.65	12.29
1.091	22.65	12.29
1.092	22.65	12.29
1.091	22.65	12.29
1.091	22.65	12.29
1.089	22.65	12.29
1.091	22.65	12.29
1.090	22.65	12.29
1.090	22.65	12.29
1.089	22.65	12.29
1.090	22.65	12.29
1.090	22.65	12.29
1.089	22.65	12.29
1.091	22.65	12.29
1.090	22.65	12.29
1.091	22.65	12.29
1.089	22.65	12.29
1.091	22.65	12.29
1.092	22.65	12.29
1.091	22.65	12.29
1.091	22.65	12.29
1.091	22.65	12.29
1.092	22.65	12.29
1.091	22.65	12.29
