1,119	22,65	20,08
1,119	22,65	20,08
1,122	22,65	20,08
1,120	22,65	20,08
1,119	22,65	20,08
1,118	22,65	20,08
1,118	22,65	20,09
1,119	22,65	20,09
1,118	22,65	20,09
1,119	22,65	20,09
1,120	22,65	20,09
1,119	22,65	20,09
1,117	22,65	20,09
1,119	22,65	20,09
1,118	22,65	20,09
1,119	22,65	20,09
1,118	22,65	20,09
1,118	22,65	20,10
1,120	22,65	20,10
1,119	22,65	20,10
1,118	22,65	20,10
1,120	22,65	20,10
1,120	22,65	20,10
1,119	22,65	20,10
1,120	22,65	20,10
1,120	22,65	20,10
1,119	22,65	20,10
1,120	22,65	20,11
1,118	22,65	20,11
1,119	22,65	20,11
1,120	22,65	20,11
1,119	22,65	20,11
1,118	22,65	20,11
1,119	22,65	20,11
1,119	22,65	20,11
1,120	22,65	20,11
1,118	22,65	20,12
1,117	22,65	20,12
1,120	22,65	20,12
1,119	22,65	20,12
1,120	22,65	20,12
1,119	22,65	20,12
1,119	22,65	20,12
1,119	22,65	20,12
1,116	22,65	20,12
1,117	22,65	20,12
1,119	22,65	20,12
1,118	22,65	20,12
1,118	22,65	20,12
1,118	22,65	20,13
1,121	22,65	20,13
1,121	22,65	20,13
1,118	22,65	20,13
1,120	22,65	20,13
1,118	22,65	20,13
1,119	22,65	20,13
1,118	22,65	20,13
1,119	22,65	20,13
1,119	22,65	20,13
1,119	22,65	20,13
1,119	22,65	20,13
1,119	22,65	20,13
1,118	22,65	20,13
1,118	22,65	20,13
1,119	22,65	20,13
1,119	22,65	20,13
1,120	22,65	20,13
1,120	22,65	20,13
1,120	22,65	20,13
1,120	22,65	20,13
1,120	22,65	20,14
1,120	22,65	20,14
1,119	22,65	20,14
1,120	22,65	20,14
1,119	22,65	20,14
1,119	22,65	20,14
1,118	22,65	20,14
1,119	22,65	20,14
1,119	22,65	20,14
1,121	22,65	20,14
1,119	22,65	20,14
1,119	22,65	20,14
1,119	22,65	20,14
1,120	22,65	20,14
1,119	22,65	20,14
1,118	22,65	20,14
1,119	22,65	20,14
1,118	22,65	20,14
1,119	22,65	20,14
1,119	22,65	20,14
1,119	22,65	20,14
1,119	22,65	20,14
1,119	22,65	20,15
1,119	22,65	20,15
1,117	22,65	20,15
1,120	22,65	20,15
1,120	22,65	20,15
1,119	22,65	20,15
1,120	22,65	20,15
1,118	22,65	20,15
1,120	22,65	20,15
1,120	22,65	20,15
1,120	22,65	20,15
1,119	22,65	20,15
