1,123	22,65	21,03
1,122	22,65	21,03
1,123	22,65	21,03
1,122	22,65	21,03
1,123	22,65	21,04
1,120	22,65	21,04
1,123	22,65	21,04
1,124	22,65	21,04
1,123	22,65	21,04
1,123	22,65	21,04
1,123	22,65	21,04
1,123	22,65	21,05
1,124	22,65	21,05
1,123	22,65	21,05
1,122	22,65	21,05
1,123	22,65	21,05
1,123	22,65	21,05
1,123	22,65	21,05
1,122	22,65	21,06
1,123	22,65	21,06
1,121	22,65	21,06
1,123	22,65	21,06
1,122	22,65	21,06
1,122	22,65	21,06
1,122	22,65	21,07
1,123	22,65	21,07
1,122	22,65	21,07
1,122	22,65	21,07
1,122	22,65	21,07
1,122	22,65	21,07
1,121	22,65	21,07
1,123	22,65	21,08
1,124	22,65	21,08
1,122	22,65	21,08
1,124	22,65	21,08
1,123	22,65	21,08
1,122	22,65	21,08
1,123	22,65	21,08
1,122	22,65	21,08
1,122	22,65	21,08
1,123	22,65	21,08
1,122	22,65	21,08
1,123	22,65	21,09
1,121	22,65	21,09
1,122	22,65	21,09
1,122	22,65	21,09
1,122	22,65	21,09
1,126	22,65	21,09
1,123	22,65	21,09
1,123	22,65	21,09
1,122	22,65	21,10
1,122	22,65	21,10
1,124	22,65	21,10
1,122	22,65	21,10
1,122	22,65	21,10
1,124	22,65	21,10
1,123	22,65	21,10
1,122	22,65	21,10
1,122	22,65	21,10
1,123	22,65	21,10
1,124	22,65	21,10
1,122	22,65	21,11
1,121	22,65	21,11
1,121	22,65	21,11
1,123	22,65	21,11
1,122	22,65	21,11
1,123	22,65	21,11
1,123	22,65	21,11
1,123	22,65	21,11
1,122	22,65	21,11
1,124	22,65	21,11
1,124	22,65	21,11
1,124	22,65	21,11
1,123	22,65	21,11
1,123	22,65	21,12
1,123	22,65	21,12
1,122	22,65	21,12
1,123	22,65	21,12
1,123	22,65	21,12
1,122	22,65	21,12
1,122	22,65	21,12
1,123	22,65	21,12
1,122	22,65	21,12
1,124	22,65	21,12
1,122	22,65	21,12
1,122	22,65	21,12
1,122	22,65	21,12
1,123	22,65	21,12
1,125	22,65	21,12
1,122	22,65	21,12
1,123	22,65	21,12
1,124	22,65	21,12
1,123	22,65	21,12
1,123	22,65	21,12
1,124	22,65	21,12
1,121	22,65	21,12
1,124	22,65	21,12
1,123	22,65	21,12
1,121	22,65	21,12
1,123	22,65	21,12
1,123	22,65	21,12
1,124	22,65	21,12
1,122	22,65	21,12
