1.055	22.65	4.07
1.057	22.65	4.07
1.054	22.65	4.07
1.057	22.65	4.07
1.056	22.65	4.07
1.056	22.65	4.07
1.056	22.65	4.07
1.055	22.65	4.07
1.056	22.65	4.07
1.054	22.65	4.07
1.056	22.65	4.07
1.056	22.65	4.07
1.057	22.65	4.07
1.055	22.65	4.07
1.055	22.65	4.07
1.054	22.65	4.07
1.055	22.65	4.07
1.055	22.65	4.07
1.056	22.65	4.07
1.054	22.65	4.07
1.056	22.65	4.07
1.055	22.65	4.07
1.056	22.65	4.07
1.055	22.65	4.07
1.057	22.65	4.07
1.055	22.65	4.07
1.056	22.65	4.07
1.057	22.65	4.07
1.056	22.65	4.07
1.055	22.65	4.07
1.055	22.65	4.07
1.055	22.65	4.07
1.054	22.65	4.07
1.056	22.65	4.07
1.056	22.65	4.07
1.055	22.65	4.07
1.055	22.65	4.07
1.056	22.65	4.07
1.058	22.65	4.07
1.055	22.65	4.07
1.055	22.65	4.07
1.057	22.65	4.07
1.055	22.65	4.07
1.057	22.65	4.07
1.053	22.65	4.07
1.057	22.65	4.07
1.055	22.65	4.07
1.055	22.65	4.07
1.052	22.65	4.07
1.055	22.65	4.07
1.055	22.65	4.07
1.055	22.65	4.07
1.056	22.65	4.07
1.056	22.65	4.07
1.054	22.65	4.07
1.056	22.65	4.07
1.056	22.65	4.07
1.056	22.65	4.07
1.056	22.65	4.08
1.056	22.65	4.08
1.055	22.65	4.08
1.054	22.65	4.08
1.055	22.65	4.08
1.055	22.65	4.08
1.056	22.65	4.08
1.056	22.65	4.08
1.056	22.65	4.08
1.056	22.65	4.08
1.056	22.65	4.08
1.057	22.65	4.08
1.055	22.65	4.08
1.056	22.65	4.08
1.056	22.65	4.08
1.056	22.65	4.08
1.057	22.65	4.08
1.057	22.65	4.08
1.055	22.65	4.08
1.055	22.65	4.08
1.057	22.65	4.08
1.055	22.65	4.08
1.056	22.65	4.08
1.058	22.65	4.08
1.055	22.65	4.08
1.057	22.65	4.08
1.057	22.65	4.08
1.056	22.65	4.08
1.056	22.65	4.08
1.056	22.65	4.08
1.056	22.65	4.08
1.054	22.65	4.08
1.055	22.65	4.08
1.057	22.65	4.08
1.056	22.65	4.08
1.055	22.65	4.08
1.056	22.65	4.08
1.057	22.65	4.08
1.056	22.65	4.08
1.056	22.65	4.08
1.057	22.65	4.08
1.055	22.65	4.08
1.055	22.65	4.08
1.056	22.65	4.08
1.057	22.65	4.08
1.057	22.65	4.08
1.054	22.65	4.08
1.057	22.65	4.08
1.056	22.65	4.08
1.057	22.65	4.08
1.058	22.65	4.08
1.056	22.65	4.08
1.055	22.65	4.08
1.057	22.65	4.08
1.054	22.65	4.08
1.055	22.65	4.08
1.055	22.65	4.08
1.056	22.65	4.08
1.055	22.65	4.08
1.057	22.65	4.08
1.057	22.65	4.08
1.056	22.65	4.08
1.053	22.65	4.08
1.056	22.65	4.08
1.055	22.65	4.08
1.055	22.65	4.08
1.056	22.65	4.08
1.055	22.65	4.08
1.056	22.65	4.08
1.056	22.65	4.08
1.056	22.65	4.08
1.057	22.65	4.08
1.056	22.65	4.08
1.056	22.65	4.08
1.055	22.65	4.08
1.056	22.65	4.08
1.056	22.65	4.08
1.055	22.65	4.08
1.056	22.65	4.08
1.055	22.65	4.08
1.054	22.65	4.08
1.056	22.65	4.08
1.056	22.65	4.08
1.055	22.65	4.08
1.056	22.65	4.08
1.055	22.65	4.08
1.056	22.65	4.08
1.054	22.65	4.08
1.057	22.65	4.08
1.055	22.65	4.08
1.056	22.65	4.08
1.056	22.65	4.08
1.057	22.65	4.08
1.055	22.65	4.08
1.053	22.65	4.08
1.055	22.65	4.08
1.056	22.65	4.08
1.056	22.65	4.08
1.055	22.65	4.08
1.056	22.65	4.08
1.055	22.65	4.08
1.055	22.65	4.08
1.057	22.65	4.08
1.056	22.65	4.08
1.056	22.65	4.08
1.057	22.65	4.08
1.056	22.65	4.08
1.055	22.65	4.08
1.055	22.65	4.08
1.058	22.65	4.08
1.057	22.65	4.08
1.055	22.65	4.08
1.056	22.65	4.08
1.056	22.65	4.08
1.057	22.65	4.08
1.056	22.65	4.08
1.056	22.65	4.08
1.056	22.65	4.08
1.059	22.65	4.08
1.057	22.65	4.08
1.058	22.65	4.08
1.057	22.65	4.08
1.056	22.65	4.08
1.055	22.65	4.08
1.057	22.65	4.08
1.056	22.65	4.08
1.055	22.65	4.08
1.056	22.65	4.08
1.056	22.65	4.08
1.055	22.65	4.08
1.056	22.65	4.08
1.056	22.65	4.08
1.056	22.65	4.08
1.056	22.65	4.08
1.056	22.65	4.08
1.057	22.65	4.08
1.057	22.65	4.08
1.056	22.65	4.09
1.055	22.65	4.08
1.056	22.65	4.08
1.055	22.65	4.08
1.056	22.65	4.09
1.056	22.65	4.09
