1,062	22,65	5,16
1,061	22,65	5,16
1,061	22,65	5,16
1,061	22,65	5,16
1,063	22,65	5,16
1,061	22,65	5,16
1,060	22,65	5,16
1,061	22,65	5,17
1,061	22,65	5,17
1,059	22,65	5,17
1,061	22,65	5,17
1,060	22,65	5,17
1,061	22,65	5,17
1,062	22,65	5,17
1,060	22,65	5,18
1,062	22,65	5,18
1,062	22,65	5,18
1,060	22,65	5,18
1,060	22,65	5,18
1,060	22,65	5,18
1,061	22,65	5,18
1,062	22,65	5,18
1,062	22,65	5,18
1,062	22,65	5,19
1,061	22,65	5,19
1,060	22,65	5,19
1,060	22,65	5,19
1,061	22,65	5,19
1,061	22,65	5,19
1,060	22,65	5,19
1,059	22,65	5,19
1,062	22,65	5,20
1,062	22,65	5,20
1,062	22,65	5,20
1,062	22,65	5,20
1,061	22,65	5,20
1,063	22,65	5,20
1,061	22,65	5,20
1,060	22,65	5,20
1,060	22,65	5,20
1,060	22,65	5,20
1,062	22,65	5,20
1,060	22,65	5,21
1,059	22,65	5,21
1,061	22,65	5,21
1,061	22,65	5,21
1,061	22,65	5,21
1,061	22,65	5,21
1,060	22,65	5,21
1,061	22,65	5,21
1,060	22,65	5,21
1,063	22,65	5,21
1,061	22,65	5,21
1,061	22,65	5,21
1,061	22,65	5,22
1,060	22,65	5,22
1,060	22,65	5,22
1,062	22,65	5,22
1,062	22,65	5,22
1,060	22,65	5,22
1,060	22,65	5,22
1,061	22,65	5,22
1,061	22,65	5,22
1,060	22,65	5,22
1,061	22,65	5,22
1,061	22,65	5,22
1,062	22,65	5,22
1,062	22,65	5,22
1,063	22,65	5,23
1,061	22,65	5,23
1,061	22,65	5,23
1,060	22,65	5,23
1,063	22,65	5,23
1,063	22,65	5,23
1,062	22,65	5,23
1,062	22,65	5,23
1,061	22,65	5,23
1,061	22,65	5,23
1,062	22,65	5,23
1,061	22,65	5,23
1,062	22,65	5,23
1,061	22,65	5,23
1,062	22,65	5,23
1,060	22,65	5,23
1,061	22,65	5,23
1,062	22,65	5,23
1,060	22,65	5,24
1,062	22,65	5,24
1,064	22,65	5,24
1,062	22,65	5,24
1,059	22,65	5,24
1,062	22,65	5,24
1,062	22,65	5,24
1,061	22,65	5,24
1,063	22,65	5,24
1,062	22,65	5,24
1,063	22,65	5,24
1,060	22,65	5,24
1,063	22,65	5,24
1,062	22,65	5,24
1,060	22,65	5,24
1,064	22,65	5,24
1,064	22,65	5,24
1,062	22,65	5,24
1,062	22,65	5,24
1,060	22,65	5,24
1,062	22,65	5,24
1,062	22,65	5,24
1,061	22,65	5,24
1,060	22,65	5,24
1,062	22,65	5,24
1,062	22,65	5,24
1,060	22,65	5,24
1,062	22,65	5,24
1,062	22,65	5,24
1,062	22,65	5,25
1,063	22,65	5,25
1,062	22,65	5,25
1,060	22,65	5,25
1,062	22,65	5,25
1,062	22,65	5,25
1,062	22,65	5,25
1,061	22,65	5,25
1,061	22,65	5,25
1,061	22,65	5,25
1,062	22,65	5,25
1,062	22,65	5,25
1,062	22,65	5,25
1,062	22,65	5,25
1,060	22,65	5,25
1,060	22,65	5,25
1,061	22,65	5,25
1,063	22,65	5,25
1,063	22,65	5,25
1,062	22,65	5,25
1,062	22,65	5,25
1,062	22,65	5,25
1,062	22,65	5,25
1,062	22,65	5,25
1,061	22,65	5,25
1,060	22,65	5,25
1,061	22,65	5,25
1,059	22,65	5,25
1,064	22,65	5,25
1,061	22,65	5,25
1,062	22,65	5,25
1,062	22,65	5,25
1,064	22,65	5,25
1,062	22,65	5,25
1,061	22,65	5,25
1,062	22,65	5,25
1,062	22,65	5,25
1,061	22,65	5,25
1,063	22,65	5,25
1,061	22,65	5,25
1,062	22,65	5,25
1,063	22,65	5,26
1,061	22,65	5,26
1,064	22,65	5,26
1,063	22,65	5,26
1,062	22,65	5,26
1,062	22,65	5,26
1,062	22,65	5,26
1,063	22,65	5,26
1,063	22,65	5,26
1,061	22,65	5,26
1,063	22,65	5,26
1,063	22,65	5,26
1,061	22,65	5,26
1,063	22,65	5,26
1,064	22,65	5,26
1,063	22,65	5,26
1,061	22,65	5,26
1,062	22,65	5,26
1,061	22,65	5,26
1,064	22,65	5,26
1,063	22,65	5,26
1,063	22,65	5,26
1,062	22,65	5,26
1,062	22,65	5,26
1,063	22,65	5,26
1,063	22,65	5,26
1,062	22,65	5,26
1,061	22,65	5,26
1,063	22,65	5,26
1,063	22,65	5,26
1,063	22,65	5,26
1,063	22,65	5,26
1,062	22,65	5,26
1,061	22,65	5,26
1,062	22,65	5,26
1,064	22,65	5,26
1,064	22,65	5,26
1,061	22,65	5,26
1,062	22,65	5,26
1,062	22,65	5,26
1,063	22,65	5,26
1,063	22,65	5,26
1,063	22,65	5,26
1,062	22,65	5,26
1,062	22,65	5,26
1,062	22,65	5,26
1,061	22,65	5,26
1,063	22,65	5,26
1,062	22,65	5,26
1,063	22,65	5,26
1,061	22,65	5,26
1,064	22,65	5,26
1,063	22,65	5,26
1,062	22,65	5,26
1,062	22,65	5,26
1,062	22,65	5,26
1,062	22,65	5,26
1,062	22,65	5,26
1,062	22,65	5,26
1,061	22,65	5,26
1,062	22,65	5,26
1,064	22,65	5,26
1,061	22,65	5,26
1,061	22,65	5,26
1,061	22,65	5,26
1,063	22,65	5,26
1,062	22,65	5,26
1,062	22,65	5,26
1,061	22,65	5,26
1,062	22,65	5,26
1,064	22,65	5,26
1,063	22,65	5,26
1,063	22,65	5,26
1,062	22,65	5,26
1,064	22,65	5,26
1,063	22,65	5,26
1,063	22,65	5,26
1,063	22,65	5,26
1,062	22,65	5,26
1,062	22,65	5,26
1,063	22,65	5,26
1,061	22,65	5,26
1,062	22,65	5,26
1,061	22,65	5,26
1,062	22,65	5,26
1,061	22,65	5,26
1,063	22,65	5,26
1,062	22,65	5,26
1,062	22,65	5,26
1,062	22,65	5,26
1,063	22,65	5,27
1,061	22,65	5,26
1,062	22,65	5,26
1,063	22,65	5,26
1,063	22,65	5,27
1,063	22,65	5,26
1,063	22,65	5,26
1,061	22,65	5,27
1,062	22,65	5,27
1,062	22,65	5,26
1,063	22,65	5,27
1,063	22,65	5,27
1,064	22,65	5,27
1,063	22,65	5,27
1,063	22,65	5,27
1,062	22,65	5,27
1,062	22,65	5,27
1,061	22,65	5,27
1,060	22,65	5,27
1,063	22,65	5,27
1,063	22,65	5,27
1,061	22,65	5,27
1,063	22,65	5,27
1,063	22,65	5,27
1,064	22,65	5,27
1,064	22,65	5,27
1,060	22,65	5,27
1,063	22,65	5,27
1,063	22,65	5,27
1,062	22,65	5,27
1,064	22,65	5,27
1,063	22,65	5,27
1,061	22,65	5,27
1,064	22,65	5,27
1,062	22,65	5,27
1,062	22,65	5,27
1,062	22,65	5,27
1,062	22,65	5,27
1,063	22,65	5,27
1,063	22,65	5,27
1,061	22,65	5,27
1,062	22,65	5,27
1,064	22,65	5,27
1,062	22,65	5,27
1,062	22,65	5,27
1,062	22,65	5,27
1,062	22,65	5,27
1,064	22,65	5,27
1,062	22,65	5,27
1,061	22,65	5,27
1,062	22,65	5,27
1,062	22,65	5,27
1,065	22,65	5,27
1,062	22,65	5,27
1,063	22,65	5,27
1,063	22,65	5,27
1,063	22,65	5,27
1,064	22,65	5,27
1,062	22,65	5,27
1,062	22,65	5,27
1,061	22,65	5,27
