1,068	22,65	6,86
1,072	22,65	6,86
1,069	22,65	6,86
1,070	22,65	6,86
1,071	22,65	6,86
1,068	22,65	6,86
1,070	22,65	6,86
1,069	22,65	6,86
1,069	22,65	6,86
1,069	22,65	6,86
1,069	22,65	6,86
1,070	22,65	6,86
1,070	22,65	6,87
1,068	22,65	6,87
1,069	22,65	6,87
1,070	22,65	6,87
1,070	22,65	6,87
1,069	22,65	6,87
1,069	22,65	6,87
1,071	22,65	6,87
1,070	22,65	6,87
1,069	22,65	6,87
1,069	22,65	6,87
1,069	22,65	6,87
1,070	22,65	6,87
1,069	22,65	6,87
1,069	22,65	6,87
1,071	22,65	6,87
1,070	22,65	6,87
1,070	22,65	6,88
1,069	22,65	6,88
1,069	22,65	6,88
1,070	22,65	6,88
1,070	22,65	6,88
1,070	22,65	6,88
1,069	22,65	6,88
1,070	22,65	6,88
1,070	22,65	6,88
1,069	22,65	6,88
1,068	22,65	6,88
1,071	22,65	6,88
1,070	22,65	6,88
1,070	22,65	6,88
1,070	22,65	6,88
1,068	22,65	6,88
1,069	22,65	6,88
1,069	22,65	6,88
1,069	22,65	6,88
1,070	22,65	6,89
1,070	22,65	6,89
1,067	22,65	6,89
1,067	22,65	6,89
1,070	22,65	6,89
1,071	22,65	6,89
1,069	22,65	6,89
1,071	22,65	6,89
1,070	22,65	6,89
1,069	22,65	6,89
1,069	22,65	6,89
1,068	22,65	6,89
1,069	22,65	6,89
1,070	22,65	6,89
1,069	22,65	6,89
1,069	22,65	6,89
1,070	22,65	6,89
1,068	22,65	6,89
1,069	22,65	6,89
1,070	22,65	6,89
1,069	22,65	6,89
1,069	22,65	6,89
1,069	22,65	6,89
1,070	22,65	6,89
1,070	22,65	6,89
1,068	22,65	6,90
1,069	22,65	6,90
1,069	22,65	6,90
1,069	22,65	6,90
1,069	22,65	6,90
1,070	22,65	6,90
1,070	22,65	6,90
1,069	22,65	6,90
1,070	22,65	6,90
1,070	22,65	6,90
1,070	22,65	6,90
1,069	22,65	6,90
1,070	22,65	6,90
1,069	22,65	6,90
1,069	22,65	6,90
1,071	22,65	6,90
1,069	22,65	6,90
1,070	22,65	6,90
1,069	22,65	6,90
1,070	22,65	6,90
1,069	22,65	6,90
1,068	22,65	6,90
1,069	22,65	6,90
1,069	22,65	6,90
1,069	22,65	6,90
1,070	22,65	6,90
1,070	22,65	6,90
1,069	22,65	6,90
1,069	22,65	6,90
1,069	22,65	6,90
1,068	22,65	6,90
1,070	22,65	6,90
1,071	22,65	6,90
1,069	22,65	6,90
1,071	22,65	6,90
1,071	22,65	6,90
