1,070	22,65	7,05
1,070	22,65	7,05
1,070	22,65	7,05
1,070	22,65	7,05
1,070	22,65	7,05
1,070	22,65	7,05
1,070	22,65	7,05
1,070	22,65	7,05
1,069	22,65	7,06
1,070	22,65	7,06
1,069	22,65	7,06
1,070	22,65	7,06
1,071	22,65	7,06
1,071	22,65	7,06
1,069	22,65	7,06
1,070	22,65	7,06
1,069	22,65	7,06
1,070	22,65	7,07
1,070	22,65	7,07
1,070	22,65	7,07
1,071	22,65	7,07
1,070	22,65	7,07
1,069	22,65	7,07
1,069	22,65	7,07
1,071	22,65	7,07
1,070	22,65	7,08
1,070	22,65	7,08
1,069	22,65	7,08
1,070	22,65	7,08
1,069	22,65	7,08
1,068	22,65	7,08
1,070	22,65	7,08
1,070	22,65	7,09
1,071	22,65	7,09
1,069	22,65	7,09
1,070	22,65	7,09
1,069	22,65	7,09
1,070	22,65	7,09
1,072	22,65	7,09
1,070	22,65	7,09
1,070	22,65	7,10
1,070	22,65	7,10
1,070	22,65	7,10
1,070	22,65	7,10
1,069	22,65	7,10
1,070	22,65	7,10
1,071	22,65	7,10
1,071	22,65	7,10
1,069	22,65	7,10
1,070	22,65	7,10
1,070	22,65	7,10
1,070	22,65	7,10
1,070	22,65	7,10
1,069	22,65	7,11
1,072	22,65	7,11
1,070	22,65	7,11
1,069	22,65	7,11
1,070	22,65	7,11
1,071	22,65	7,11
1,071	22,65	7,11
1,069	22,65	7,11
1,070	22,65	7,11
1,069	22,65	7,11
1,072	22,65	7,12
1,071	22,65	7,12
1,070	22,65	7,12
1,069	22,65	7,12
1,070	22,65	7,12
1,073	22,65	7,12
1,070	22,65	7,12
1,069	22,65	7,12
1,070	22,65	7,12
1,070	22,65	7,12
1,070	22,65	7,12
1,071	22,65	7,12
1,070	22,65	7,12
1,072	22,65	7,13
1,071	22,65	7,13
1,071	22,65	7,13
1,070	22,65	7,13
1,070	22,65	7,13
1,070	22,65	7,13
1,070	22,65	7,13
1,071	22,65	7,13
1,070	22,65	7,13
1,070	22,65	7,13
1,071	22,65	7,13
1,070	22,65	7,13
1,070	22,65	7,13
1,071	22,65	7,13
1,070	22,65	7,13
1,071	22,65	7,14
1,071	22,65	7,14
1,070	22,65	7,14
1,071	22,65	7,14
1,070	22,65	7,14
1,070	22,65	7,14
1,071	22,65	7,14
1,069	22,65	7,14
1,071	22,65	7,14
1,071	22,65	7,14
1,070	22,65	7,14
1,069	22,65	7,14
1,070	22,65	7,14
1,071	22,65	7,14
1,072	22,65	7,14
1,071	22,65	7,14
1,070	22,65	7,14
1,070	22,65	7,14
1,071	22,65	7,14
1,069	22,65	7,14
1,069	22,65	7,14
1,071	22,65	7,14
1,071	22,65	7,14
1,071	22,65	7,15
1,071	22,65	7,15
1,070	22,65	7,15
1,071	22,65	7,15
1,070	22,65	7,15
1,072	22,65	7,15
1,071	22,65	7,15
1,069	22,65	7,15
1,070	22,65	7,15
1,070	22,65	7,15
1,069	22,65	7,15
1,071	22,65	7,15
1,073	22,65	7,15
1,070	22,65	7,15
1,070	22,65	7,15
1,070	22,65	7,15
1,070	22,65	7,15
1,070	22,65	7,15
1,070	22,65	7,15
1,071	22,65	7,15
1,070	22,65	7,15
1,071	22,65	7,15
1,071	22,65	7,15
1,070	22,65	7,15
1,071	22,65	7,15
1,071	22,65	7,15
1,069	22,65	7,15
1,071	22,65	7,15
1,070	22,65	7,15
1,071	22,65	7,15
1,070	22,65	7,15
1,070	22,65	7,15
1,070	22,65	7,16
1,071	22,65	7,16
1,070	22,65	7,16
1,071	22,65	7,16
1,069	22,65	7,16
1,069	22,65	7,16
1,071	22,65	7,16
1,070	22,65	7,16
1,069	22,65	7,16
1,070	22,65	7,16
1,070	22,65	7,16
1,070	22,65	7,16
1,070	22,65	7,16
1,070	22,65	7,16
1,069	22,65	7,16
1,070	22,65	7,16
1,071	22,65	7,16
1,072	22,65	7,16
1,071	22,65	7,16
1,069	22,65	7,16
1,071	22,65	7,16
1,071	22,65	7,16
1,070	22,65	7,16
1,069	22,65	7,16
1,071	22,65	7,16
1,071	22,65	7,16
1,070	22,65	7,16
1,071	22,65	7,16
1,070	22,65	7,16
1,071	22,65	7,16
1,071	22,65	7,16
1,070	22,65	7,16
1,072	22,65	7,16
1,072	22,65	7,16
1,071	22,65	7,16
1,070	22,65	7,16
1,070	22,65	7,16
1,070	22,65	7,16
1,071	22,65	7,16
1,071	22,65	7,16
1,071	22,65	7,16
1,071	22,65	7,16
1,073	22,65	7,16
1,071	22,65	7,16
1,071	22,65	7,16
1,069	22,65	7,16
1,072	22,65	7,16
1,072	22,65	7,16
