1,076	22,65	8,16
1,073	22,65	8,16
1,075	22,65	8,16
1,076	22,65	8,17
1,075	22,65	8,17
1,074	22,65	8,17
1,074	22,65	8,17
1,074	22,65	8,17
1,073	22,65	8,17
1,074	22,65	8,17
1,076	22,65	8,17
1,075	22,65	8,17
1,075	22,65	8,17
1,074	22,65	8,17
1,075	22,65	8,17
1,074	22,65	8,18
1,075	22,65	8,18
1,075	22,65	8,18
1,075	22,65	8,18
1,073	22,65	8,18
1,075	22,65	8,18
1,074	22,65	8,18
1,074	22,65	8,18
1,076	22,65	8,18
1,074	22,65	8,18
1,074	22,65	8,18
1,075	22,65	8,18
1,074	22,65	8,18
1,075	22,65	8,18
1,075	22,65	8,18
1,074	22,65	8,19
1,076	22,65	8,19
1,073	22,65	8,19
1,073	22,65	8,19
1,077	22,65	8,19
1,074	22,65	8,19
1,074	22,65	8,19
1,075	22,65	8,19
1,075	22,65	8,19
1,075	22,65	8,19
1,075	22,65	8,19
1,074	22,65	8,19
1,073	22,65	8,19
1,074	22,65	8,19
1,074	22,65	8,19
1,074	22,65	8,19
1,074	22,65	8,19
1,074	22,65	8,19
1,075	22,65	8,19
1,074	22,65	8,19
1,073	22,65	8,19
1,074	22,65	8,19
1,075	22,65	8,19
1,074	22,65	8,19
1,074	22,65	8,19
1,075	22,65	8,20
1,076	22,65	8,20
1,075	22,65	8,20
1,075	22,65	8,20
1,076	22,65	8,20
1,074	22,65	8,20
1,074	22,65	8,20
1,074	22,65	8,20
1,075	22,65	8,20
1,074	22,65	8,20
1,075	22,65	8,20
1,074	22,65	8,20
1,076	22,65	8,20
1,073	22,65	8,20
1,075	22,65	8,20
1,074	22,65	8,20
1,073	22,65	8,20
1,074	22,65	8,20
1,074	22,65	8,20
1,075	22,65	8,20
1,074	22,65	8,20
1,074	22,65	8,20
1,076	22,65	8,20
1,074	22,65	8,20
1,075	22,65	8,21
1,075	22,65	8,21
1,075	22,65	8,21
1,075	22,65	8,21
1,076	22,65	8,21
1,074	22,65	8,21
1,075	22,65	8,21
1,074	22,65	8,21
1,076	22,65	8,21
1,074	22,65	8,21
1,073	22,65	8,21
1,074	22,65	8,21
1,075	22,65	8,21
1,074	22,65	8,21
1,074	22,65	8,21
1,075	22,65	8,21
1,075	22,65	8,21
1,074	22,65	8,21
1,074	22,65	8,21
1,077	22,65	8,21
1,074	22,65	8,21
1,076	22,65	8,21
1,074	22,65	8,21
1,073	22,65	8,21
