1,051	22,65	3,17
1,051	22,65	3,17
1,051	22,65	3,17
1,051	22,65	3,17
1,051	22,65	3,18
1,051	22,65	3,18
1,051	22,65	3,18
1,051	22,65	3,18
1,050	22,65	3,18
1,054	22,65	3,18
1,051	22,65	3,18
1,050	22,65	3,18
1,053	22,65	3,18
1,051	22,65	3,18
1,052	22,65	3,18
1,049	22,65	3,18
1,052	22,65	3,18
1,051	22,65	3,18
1,051	22,65	3,18
1,053	22,65	3,18
1,052	22,65	3,18
1,050	22,65	3,18
1,051	22,65	3,18
1,050	22,65	3,18
1,050	22,65	3,18
1,051	22,65	3,18
1,051	22,65	3,18
1,053	22,65	3,18
1,052	22,65	3,18
1,050	22,65	3,18
1,051	22,65	3,18
1,051	22,65	3,18
1,052	22,65	3,18
1,051	22,65	3,18
1,050	22,65	3,18
1,050	22,65	3,18
1,054	22,65	3,18
1,052	22,65	3,18
1,051	22,65	3,18
1,051	22,65	3,18
1,052	22,65	3,18
1,051	22,65	3,18
1,050	22,65	3,18
1,051	22,65	3,18
1,053	22,65	3,18
1,052	22,65	3,18
1,053	22,65	3,18
1,051	22,65	3,18
1,053	22,65	3,18
1,052	22,65	3,18
1,051	22,65	3,18
1,049	22,65	3,18
1,052	22,65	3,18
1,052	22,65	3,18
1,052	22,65	3,18
1,053	22,65	3,19
1,051	22,65	3,19
1,051	22,65	3,19
1,052	22,65	3,19
1,052	22,65	3,19
1,051	22,65	3,19
1,051	22,65	3,19
1,053	22,65	3,19
1,051	22,65	3,19
1,052	22,65	3,19
1,052	22,65	3,19
1,051	22,65	3,19
1,050	22,65	3,19
1,052	22,65	3,19
1,051	22,65	3,19
1,051	22,65	3,19
1,052	22,65	3,19
1,050	22,65	3,19
1,052	22,65	3,19
1,050	22,65	3,19
1,050	22,65	3,19
1,051	22,65	3,19
1,054	22,65	3,19
1,051	22,65	3,19
1,052	22,65	3,19
1,052	22,65	3,19
1,051	22,65	3,19
1,051	22,65	3,19
1,050	22,65	3,19
1,051	22,65	3,19
1,053	22,65	3,19
1,053	22,65	3,19
1,052	22,65	3,19
1,051	22,65	3,19
1,051	22,65	3,19
1,050	22,65	3,19
1,051	22,65	3,19
1,049	22,65	3,19
1,053	22,65	3,19
1,052	22,65	3,19
1,052	22,65	3,19
1,052	22,65	3,19
1,051	22,65	3,19
1,051	22,65	3,19
1,052	22,65	3,19
1,053	22,65	3,19
1,052	22,65	3,19
