1.049	22.65	2.85
1.049	22.65	2.85
1.051	22.65	2.85
1.048	22.65	2.85
1.050	22.65	2.85
1.052	22.65	2.85
1.049	22.65	2.85
1.049	22.65	2.85
1.049	22.65	2.85
1.048	22.65	2.85
1.051	22.65	2.85
1.049	22.65	2.85
1.048	22.65	2.85
1.049	22.65	2.85
1.050	22.65	2.85
1.049	22.65	2.85
1.050	22.65	2.85
1.049	22.65	2.85
1.049	22.65	2.85
1.050	22.65	2.85
1.050	22.65	2.85
1.049	22.65	2.85
1.049	22.65	2.85
1.049	22.65	2.86
1.050	22.65	2.86
1.049	22.65	2.86
1.049	22.65	2.86
1.049	22.65	2.86
1.051	22.65	2.86
1.049	22.65	2.86
1.050	22.65	2.86
1.050	22.65	2.86
1.050	22.65	2.86
1.049	22.65	2.86
1.049	22.65	2.86
1.049	22.65	2.86
1.049	22.65	2.86
1.050	22.65	2.86
1.049	22.65	2.86
1.050	22.65	2.86
1.049	22.65	2.86
1.050	22.65	2.86
1.050	22.65	2.86
1.049	22.65	2.86
1.049	22.65	2.86
1.050	22.65	2.86
1.050	22.65	2.86
1.051	22.65	2.86
1.049	22.65	2.86
1.050	22.65	2.86
1.049	22.65	2.86
1.050	22.65	2.86
1.048	22.65	2.86
1.050	22.65	2.86
1.048	22.65	2.86
1.049	22.65	2.86
1.049	22.65	2.86
1.050	22.65	2.86
1.050	22.65	2.86
1.049	22.65	2.86
1.049	22.65	2.86
1.050	22.65	2.86
1.048	22.65	2.86
1.049	22.65	2.87
1.049	22.65	2.87
1.050	22.65	2.87
1.049	22.65	2.87
1.049	22.65	2.87
1.049	22.65	2.87
1.050	22.65	2.87
1.048	22.65	2.87
1.049	22.65	2.87
1.047	22.65	2.87
1.051	22.65	2.87
1.049	22.65	2.87
1.051	22.65	3.17
1.051	22.65	3.17
1.051	22.65	3.17
1.051	22.65	3.17
1.051	22.65	3.18
1.051	22.65	3.18
1.051	22.65	3.18
1.051	22.65	3.18
1.050	22.65	3.18
1.054	22.65	3.18
1.051	22.65	3.18
1.050	22.65	3.18
1.053	22.65	3.18
1.051	22.65	3.18
1.052	22.65	3.18
1.049	22.65	3.18
1.052	22.65	3.18
1.051	22.65	3.18
1.051	22.65	3.18
1.053	22.65	3.18
1.052	22.65	3.18
1.050	22.65	3.18
1.051	22.65	3.18
1.050	22.65	3.18
1.050	22.65	3.18
1.051	22.65	3.18
1.051	22.65	3.18
1.053	22.65	3.18
1.052	22.65	3.18
1.050	22.65	3.18
1.051	22.65	3.18
1.051	22.65	3.18
1.052	22.65	3.18
1.051	22.65	3.18
1.050	22.65	3.18
1.050	22.65	3.18
1.054	22.65	3.18
1.052	22.65	3.18
1.051	22.65	3.18
1.051	22.65	3.18
1.052	22.65	3.18
1.051	22.65	3.18
1.050	22.65	3.18
1.051	22.65	3.18
1.053	22.65	3.18
1.052	22.65	3.18
1.053	22.65	3.18
1.051	22.65	3.18
1.053	22.65	3.18
1.052	22.65	3.18
1.051	22.65	3.18
1.049	22.65	3.18
1.052	22.65	3.18
1.052	22.65	3.18
1.052	22.65	3.18
1.053	22.65	3.19
1.051	22.65	3.19
1.051	22.65	3.19
1.052	22.65	3.19
1.052	22.65	3.19
1.051	22.65	3.19
1.051	22.65	3.19
1.053	22.65	3.19
1.051	22.65	3.19
1.052	22.65	3.19
1.052	22.65	3.19
1.051	22.65	3.19
1.050	22.65	3.19
1.052	22.65	3.19
1.051	22.65	3.19
1.051	22.65	3.19
1.052	22.65	3.19
1.050	22.65	3.19
1.052	22.65	3.19
1.050	22.65	3.19
1.050	22.65	3.19
1.051	22.65	3.19
1.054	22.65	3.19
1.051	22.65	3.19
1.052	22.65	3.19
1.052	22.65	3.19
1.051	22.65	3.19
1.051	22.65	3.19
1.050	22.65	3.19
1.051	22.65	3.19
1.053	22.65	3.19
1.053	22.65	3.19
1.052	22.65	3.19
1.051	22.65	3.19
1.051	22.65	3.19
1.050	22.65	3.19
1.051	22.65	3.19
1.049	22.65	3.19
1.053	22.65	3.19
1.052	22.65	3.19
1.052	22.65	3.19
1.052	22.65	3.19
1.051	22.65	3.19
1.051	22.65	3.19
1.052	22.65	3.19
1.053	22.65	3.19
1.052	22.65	3.19
1.055	22.65	4.07
1.057	22.65	4.07
1.054	22.65	4.07
1.057	22.65	4.07
1.056	22.65	4.07
1.056	22.65	4.07
1.056	22.65	4.07
1.055	22.65	4.07
1.056	22.65	4.07
1.054	22.65	4.07
1.056	22.65	4.07
1.056	22.65	4.07
1.057	22.65	4.07
1.055	22.65	4.07
1.055	22.65	4.07
1.054	22.65	4.07
1.055	22.65	4.07
1.055	22.65	4.07
1.056	22.65	4.07
1.054	22.65	4.07
1.056	22.65	4.07
1.055	22.65	4.07
1.056	22.65	4.07
1.055	22.65	4.07
1.057	22.65	4.07
1.055	22.65	4.07
1.056	22.65	4.07
1.057	22.65	4.07
1.056	22.65	4.07
1.055	22.65	4.07
1.055	22.65	4.07
1.055	22.65	4.07
1.054	22.65	4.07
1.056	22.65	4.07
1.056	22.65	4.07
1.055	22.65	4.07
1.055	22.65	4.07
1.056	22.65	4.07
1.058	22.65	4.07
1.055	22.65	4.07
1.055	22.65	4.07
1.057	22.65	4.07
1.055	22.65	4.07
1.057	22.65	4.07
1.053	22.65	4.07
1.057	22.65	4.07
1.055	22.65	4.07
1.055	22.65	4.07
1.052	22.65	4.07
1.055	22.65	4.07
1.055	22.65	4.07
1.055	22.65	4.07
1.056	22.65	4.07
1.056	22.65	4.07
1.054	22.65	4.07
1.056	22.65	4.07
1.056	22.65	4.07
1.056	22.65	4.07
1.056	22.65	4.08
1.056	22.65	4.08
1.055	22.65	4.08
1.054	22.65	4.08
1.055	22.65	4.08
1.055	22.65	4.08
1.056	22.65	4.08
1.056	22.65	4.08
1.056	22.65	4.08
1.056	22.65	4.08
1.056	22.65	4.08
1.057	22.65	4.08
1.055	22.65	4.08
1.056	22.65	4.08
1.056	22.65	4.08
1.056	22.65	4.08
1.057	22.65	4.08
1.057	22.65	4.08
1.055	22.65	4.08
1.055	22.65	4.08
1.057	22.65	4.08
1.055	22.65	4.08
1.056	22.65	4.08
1.058	22.65	4.08
1.055	22.65	4.08
1.057	22.65	4.08
1.057	22.65	4.08
1.056	22.65	4.08
1.056	22.65	4.08
1.056	22.65	4.08
1.056	22.65	4.08
1.054	22.65	4.08
1.055	22.65	4.08
1.057	22.65	4.08
1.056	22.65	4.08
1.055	22.65	4.08
1.056	22.65	4.08
1.057	22.65	4.08
1.056	22.65	4.08
1.056	22.65	4.08
1.057	22.65	4.08
1.055	22.65	4.08
1.055	22.65	4.08
1.056	22.65	4.08
1.057	22.65	4.08
1.057	22.65	4.08
1.054	22.65	4.08
1.057	22.65	4.08
1.056	22.65	4.08
1.057	22.65	4.08
1.058	22.65	4.08
1.056	22.65	4.08
1.055	22.65	4.08
1.057	22.65	4.08
1.054	22.65	4.08
1.055	22.65	4.08
1.055	22.65	4.08
1.056	22.65	4.08
1.055	22.65	4.08
1.057	22.65	4.08
1.057	22.65	4.08
1.056	22.65	4.08
1.053	22.65	4.08
1.056	22.65	4.08
1.055	22.65	4.08
1.055	22.65	4.08
1.056	22.65	4.08
1.055	22.65	4.08
1.056	22.65	4.08
1.056	22.65	4.08
1.056	22.65	4.08
1.057	22.65	4.08
1.056	22.65	4.08
1.056	22.65	4.08
1.055	22.65	4.08
1.056	22.65	4.08
1.056	22.65	4.08
1.055	22.65	4.08
1.056	22.65	4.08
1.055	22.65	4.08
1.054	22.65	4.08
1.056	22.65	4.08
1.056	22.65	4.08
1.055	22.65	4.08
1.056	22.65	4.08
1.055	22.65	4.08
1.056	22.65	4.08
1.054	22.65	4.08
1.057	22.65	4.08
1.055	22.65	4.08
1.056	22.65	4.08
1.056	22.65	4.08
1.057	22.65	4.08
1.055	22.65	4.08
1.053	22.65	4.08
1.055	22.65	4.08
1.056	22.65	4.08
1.056	22.65	4.08
1.055	22.65	4.08
1.056	22.65	4.08
1.055	22.65	4.08
1.055	22.65	4.08
1.057	22.65	4.08
1.056	22.65	4.08
1.056	22.65	4.08
1.057	22.65	4.08
1.056	22.65	4.08
1.055	22.65	4.08
1.055	22.65	4.08
1.058	22.65	4.08
1.057	22.65	4.08
1.055	22.65	4.08
1.056	22.65	4.08
1.056	22.65	4.08
1.057	22.65	4.08
1.056	22.65	4.08
1.056	22.65	4.08
1.056	22.65	4.08
1.059	22.65	4.08
1.057	22.65	4.08
1.058	22.65	4.08
1.057	22.65	4.08
1.056	22.65	4.08
1.055	22.65	4.08
1.057	22.65	4.08
1.056	22.65	4.08
1.055	22.65	4.08
1.056	22.65	4.08
1.056	22.65	4.08
1.055	22.65	4.08
1.056	22.65	4.08
1.056	22.65	4.08
1.056	22.65	4.08
1.056	22.65	4.08
1.056	22.65	4.08
1.057	22.65	4.08
1.057	22.65	4.08
1.056	22.65	4.09
1.055	22.65	4.08
1.056	22.65	4.08
1.055	22.65	4.08
1.056	22.65	4.09
1.056	22.65	4.09
1.062	22.65	5.16
1.061	22.65	5.16
1.061	22.65	5.16
1.061	22.65	5.16
1.063	22.65	5.16
1.061	22.65	5.16
1.060	22.65	5.16
1.061	22.65	5.17
1.061	22.65	5.17
1.059	22.65	5.17
1.061	22.65	5.17
1.060	22.65	5.17
1.061	22.65	5.17
1.062	22.65	5.17
1.060	22.65	5.18
1.062	22.65	5.18
1.062	22.65	5.18
1.060	22.65	5.18
1.060	22.65	5.18
1.060	22.65	5.18
1.061	22.65	5.18
1.062	22.65	5.18
1.062	22.65	5.18
1.062	22.65	5.19
1.061	22.65	5.19
1.060	22.65	5.19
1.060	22.65	5.19
1.061	22.65	5.19
1.061	22.65	5.19
1.060	22.65	5.19
1.059	22.65	5.19
1.062	22.65	5.20
1.062	22.65	5.20
1.062	22.65	5.20
1.062	22.65	5.20
1.061	22.65	5.20
1.063	22.65	5.20
1.061	22.65	5.20
1.060	22.65	5.20
1.060	22.65	5.20
1.060	22.65	5.20
1.062	22.65	5.20
1.060	22.65	5.21
1.059	22.65	5.21
1.061	22.65	5.21
1.061	22.65	5.21
1.061	22.65	5.21
1.061	22.65	5.21
1.060	22.65	5.21
1.061	22.65	5.21
1.060	22.65	5.21
1.063	22.65	5.21
1.061	22.65	5.21
1.061	22.65	5.21
1.061	22.65	5.22
1.060	22.65	5.22
1.060	22.65	5.22
1.062	22.65	5.22
1.062	22.65	5.22
1.060	22.65	5.22
1.060	22.65	5.22
1.061	22.65	5.22
1.061	22.65	5.22
1.060	22.65	5.22
1.061	22.65	5.22
1.061	22.65	5.22
1.062	22.65	5.22
1.062	22.65	5.22
1.063	22.65	5.23
1.061	22.65	5.23
1.061	22.65	5.23
1.060	22.65	5.23
1.063	22.65	5.23
1.063	22.65	5.23
1.062	22.65	5.23
1.062	22.65	5.23
1.061	22.65	5.23
1.061	22.65	5.23
1.062	22.65	5.23
1.061	22.65	5.23
1.062	22.65	5.23
1.061	22.65	5.23
1.062	22.65	5.23
1.060	22.65	5.23
1.061	22.65	5.23
1.062	22.65	5.23
1.060	22.65	5.24
1.062	22.65	5.24
1.064	22.65	5.24
1.062	22.65	5.24
1.059	22.65	5.24
1.062	22.65	5.24
1.062	22.65	5.24
1.061	22.65	5.24
1.063	22.65	5.24
1.062	22.65	5.24
1.063	22.65	5.24
1.060	22.65	5.24
1.063	22.65	5.24
1.062	22.65	5.24
1.060	22.65	5.24
1.064	22.65	5.24
1.064	22.65	5.24
1.062	22.65	5.24
1.062	22.65	5.24
1.060	22.65	5.24
1.062	22.65	5.24
1.062	22.65	5.24
1.061	22.65	5.24
1.060	22.65	5.24
1.062	22.65	5.24
1.062	22.65	5.24
1.060	22.65	5.24
1.062	22.65	5.24
1.062	22.65	5.24
1.062	22.65	5.25
1.063	22.65	5.25
1.062	22.65	5.25
1.060	22.65	5.25
1.062	22.65	5.25
1.062	22.65	5.25
1.062	22.65	5.25
1.061	22.65	5.25
1.061	22.65	5.25
1.061	22.65	5.25
1.062	22.65	5.25
1.062	22.65	5.25
1.062	22.65	5.25
1.062	22.65	5.25
1.060	22.65	5.25
1.060	22.65	5.25
1.061	22.65	5.25
1.063	22.65	5.25
1.063	22.65	5.25
1.062	22.65	5.25
1.062	22.65	5.25
1.062	22.65	5.25
1.062	22.65	5.25
1.062	22.65	5.25
1.061	22.65	5.25
1.060	22.65	5.25
1.061	22.65	5.25
1.059	22.65	5.25
1.064	22.65	5.25
1.061	22.65	5.25
1.062	22.65	5.25
1.062	22.65	5.25
1.064	22.65	5.25
1.062	22.65	5.25
1.061	22.65	5.25
1.062	22.65	5.25
1.062	22.65	5.25
1.061	22.65	5.25
1.063	22.65	5.25
1.061	22.65	5.25
1.062	22.65	5.25
1.063	22.65	5.26
1.061	22.65	5.26
1.064	22.65	5.26
1.063	22.65	5.26
1.062	22.65	5.26
1.062	22.65	5.26
1.062	22.65	5.26
1.063	22.65	5.26
1.063	22.65	5.26
1.061	22.65	5.26
1.063	22.65	5.26
1.063	22.65	5.26
1.061	22.65	5.26
1.063	22.65	5.26
1.064	22.65	5.26
1.063	22.65	5.26
1.061	22.65	5.26
1.062	22.65	5.26
1.061	22.65	5.26
1.064	22.65	5.26
1.063	22.65	5.26
1.063	22.65	5.26
1.062	22.65	5.26
1.062	22.65	5.26
1.063	22.65	5.26
1.063	22.65	5.26
1.062	22.65	5.26
1.061	22.65	5.26
1.063	22.65	5.26
1.063	22.65	5.26
1.063	22.65	5.26
1.063	22.65	5.26
1.062	22.65	5.26
1.061	22.65	5.26
1.062	22.65	5.26
1.064	22.65	5.26
1.064	22.65	5.26
1.061	22.65	5.26
1.062	22.65	5.26
1.062	22.65	5.26
1.063	22.65	5.26
1.063	22.65	5.26
1.063	22.65	5.26
1.062	22.65	5.26
1.062	22.65	5.26
1.062	22.65	5.26
1.061	22.65	5.26
1.063	22.65	5.26
1.062	22.65	5.26
1.063	22.65	5.26
1.061	22.65	5.26
1.064	22.65	5.26
1.063	22.65	5.26
1.062	22.65	5.26
1.062	22.65	5.26
1.062	22.65	5.26
1.062	22.65	5.26
1.062	22.65	5.26
1.062	22.65	5.26
1.061	22.65	5.26
1.062	22.65	5.26
1.064	22.65	5.26
1.061	22.65	5.26
1.061	22.65	5.26
1.061	22.65	5.26
1.063	22.65	5.26
1.062	22.65	5.26
1.062	22.65	5.26
1.061	22.65	5.26
1.062	22.65	5.26
1.064	22.65	5.26
1.063	22.65	5.26
1.063	22.65	5.26
1.062	22.65	5.26
1.064	22.65	5.26
1.063	22.65	5.26
1.063	22.65	5.26
1.063	22.65	5.26
1.062	22.65	5.26
1.062	22.65	5.26
1.063	22.65	5.26
1.061	22.65	5.26
1.062	22.65	5.26
1.061	22.65	5.26
1.062	22.65	5.26
1.061	22.65	5.26
1.063	22.65	5.26
1.062	22.65	5.26
1.062	22.65	5.26
1.062	22.65	5.26
1.063	22.65	5.27
1.061	22.65	5.26
1.062	22.65	5.26
1.063	22.65	5.26
1.063	22.65	5.27
1.063	22.65	5.26
1.063	22.65	5.26
1.061	22.65	5.27
1.062	22.65	5.27
1.062	22.65	5.26
1.063	22.65	5.27
1.063	22.65	5.27
1.064	22.65	5.27
1.063	22.65	5.27
1.063	22.65	5.27
1.062	22.65	5.27
1.062	22.65	5.27
1.061	22.65	5.27
1.060	22.65	5.27
1.063	22.65	5.27
1.063	22.65	5.27
1.061	22.65	5.27
1.063	22.65	5.27
1.063	22.65	5.27
1.064	22.65	5.27
1.064	22.65	5.27
1.060	22.65	5.27
1.063	22.65	5.27
1.063	22.65	5.27
1.062	22.65	5.27
1.064	22.65	5.27
1.063	22.65	5.27
1.061	22.65	5.27
1.064	22.65	5.27
1.062	22.65	5.27
1.062	22.65	5.27
1.062	22.65	5.27
1.062	22.65	5.27
1.063	22.65	5.27
1.063	22.65	5.27
1.061	22.65	5.27
1.062	22.65	5.27
1.064	22.65	5.27
1.062	22.65	5.27
1.062	22.65	5.27
1.062	22.65	5.27
1.062	22.65	5.27
1.064	22.65	5.27
1.062	22.65	5.27
1.061	22.65	5.27
1.062	22.65	5.27
1.062	22.65	5.27
1.065	22.65	5.27
1.062	22.65	5.27
1.063	22.65	5.27
1.063	22.65	5.27
1.063	22.65	5.27
1.064	22.65	5.27
1.062	22.65	5.27
1.062	22.65	5.27
1.061	22.65	5.27
1.068	22.65	6.86
1.072	22.65	6.86
1.069	22.65	6.86
1.070	22.65	6.86
1.071	22.65	6.86
1.068	22.65	6.86
1.070	22.65	6.86
1.069	22.65	6.86
1.069	22.65	6.86
1.069	22.65	6.86
1.069	22.65	6.86
1.070	22.65	6.86
1.070	22.65	6.87
1.068	22.65	6.87
1.069	22.65	6.87
1.070	22.65	6.87
1.070	22.65	6.87
1.069	22.65	6.87
1.069	22.65	6.87
1.071	22.65	6.87
1.070	22.65	6.87
1.069	22.65	6.87
1.069	22.65	6.87
1.069	22.65	6.87
1.070	22.65	6.87
1.069	22.65	6.87
1.069	22.65	6.87
1.071	22.65	6.87
1.070	22.65	6.87
1.070	22.65	6.88
1.069	22.65	6.88
1.069	22.65	6.88
1.070	22.65	6.88
1.070	22.65	6.88
1.070	22.65	6.88
1.069	22.65	6.88
1.070	22.65	6.88
1.070	22.65	6.88
1.069	22.65	6.88
1.068	22.65	6.88
1.071	22.65	6.88
1.070	22.65	6.88
1.070	22.65	6.88
1.070	22.65	6.88
1.068	22.65	6.88
1.069	22.65	6.88
1.069	22.65	6.88
1.069	22.65	6.88
1.070	22.65	6.89
1.070	22.65	6.89
1.067	22.65	6.89
1.067	22.65	6.89
1.070	22.65	6.89
1.071	22.65	6.89
1.069	22.65	6.89
1.071	22.65	6.89
1.070	22.65	6.89
1.069	22.65	6.89
1.069	22.65	6.89
1.068	22.65	6.89
1.069	22.65	6.89
1.070	22.65	6.89
1.069	22.65	6.89
1.069	22.65	6.89
1.070	22.65	6.89
1.068	22.65	6.89
1.069	22.65	6.89
1.070	22.65	6.89
1.069	22.65	6.89
1.069	22.65	6.89
1.069	22.65	6.89
1.070	22.65	6.89
1.070	22.65	6.89
1.068	22.65	6.90
1.069	22.65	6.90
1.069	22.65	6.90
1.069	22.65	6.90
1.069	22.65	6.90
1.070	22.65	6.90
1.070	22.65	6.90
1.069	22.65	6.90
1.070	22.65	6.90
1.070	22.65	6.90
1.070	22.65	6.90
1.069	22.65	6.90
1.070	22.65	6.90
1.069	22.65	6.90
1.069	22.65	6.90
1.071	22.65	6.90
1.069	22.65	6.90
1.070	22.65	6.90
1.069	22.65	6.90
1.070	22.65	6.90
1.069	22.65	6.90
1.068	22.65	6.90
1.069	22.65	6.90
1.069	22.65	6.90
1.069	22.65	6.90
1.070	22.65	6.90
1.070	22.65	6.90
1.069	22.65	6.90
1.069	22.65	6.90
1.069	22.65	6.90
1.068	22.65	6.90
1.070	22.65	6.90
1.071	22.65	6.90
1.069	22.65	6.90
1.071	22.65	6.90
1.071	22.65	6.90
1.070	22.65	7.05
1.070	22.65	7.05
1.070	22.65	7.05
1.070	22.65	7.05
1.070	22.65	7.05
1.070	22.65	7.05
1.070	22.65	7.05
1.070	22.65	7.05
1.069	22.65	7.06
1.070	22.65	7.06
1.069	22.65	7.06
1.070	22.65	7.06
1.071	22.65	7.06
1.071	22.65	7.06
1.069	22.65	7.06
1.070	22.65	7.06
1.069	22.65	7.06
1.070	22.65	7.07
1.070	22.65	7.07
1.070	22.65	7.07
1.071	22.65	7.07
1.070	22.65	7.07
1.069	22.65	7.07
1.069	22.65	7.07
1.071	22.65	7.07
1.070	22.65	7.08
1.070	22.65	7.08
1.069	22.65	7.08
1.070	22.65	7.08
1.069	22.65	7.08
1.068	22.65	7.08
1.070	22.65	7.08
1.070	22.65	7.09
1.071	22.65	7.09
1.069	22.65	7.09
1.070	22.65	7.09
1.069	22.65	7.09
1.070	22.65	7.09
1.072	22.65	7.09
1.070	22.65	7.09
1.070	22.65	7.10
1.070	22.65	7.10
1.070	22.65	7.10
1.070	22.65	7.10
1.069	22.65	7.10
1.070	22.65	7.10
1.071	22.65	7.10
1.071	22.65	7.10
1.069	22.65	7.10
1.070	22.65	7.10
1.070	22.65	7.10
1.070	22.65	7.10
1.070	22.65	7.10
1.069	22.65	7.11
1.072	22.65	7.11
1.070	22.65	7.11
1.069	22.65	7.11
1.070	22.65	7.11
1.071	22.65	7.11
1.071	22.65	7.11
1.069	22.65	7.11
1.070	22.65	7.11
1.069	22.65	7.11
1.072	22.65	7.12
1.071	22.65	7.12
1.070	22.65	7.12
1.069	22.65	7.12
1.070	22.65	7.12
1.073	22.65	7.12
1.070	22.65	7.12
1.069	22.65	7.12
1.070	22.65	7.12
1.070	22.65	7.12
1.070	22.65	7.12
1.071	22.65	7.12
1.070	22.65	7.12
1.072	22.65	7.13
1.071	22.65	7.13
1.071	22.65	7.13
1.070	22.65	7.13
1.070	22.65	7.13
1.070	22.65	7.13
1.070	22.65	7.13
1.071	22.65	7.13
1.070	22.65	7.13
1.070	22.65	7.13
1.071	22.65	7.13
1.070	22.65	7.13
1.070	22.65	7.13
1.071	22.65	7.13
1.070	22.65	7.13
1.071	22.65	7.14
1.071	22.65	7.14
1.070	22.65	7.14
1.071	22.65	7.14
1.070	22.65	7.14
1.070	22.65	7.14
1.071	22.65	7.14
1.069	22.65	7.14
1.071	22.65	7.14
1.071	22.65	7.14
1.070	22.65	7.14
1.069	22.65	7.14
1.070	22.65	7.14
1.071	22.65	7.14
1.072	22.65	7.14
1.071	22.65	7.14
1.070	22.65	7.14
1.070	22.65	7.14
1.071	22.65	7.14
1.069	22.65	7.14
1.069	22.65	7.14
1.071	22.65	7.14
1.071	22.65	7.14
1.071	22.65	7.15
1.071	22.65	7.15
1.070	22.65	7.15
1.071	22.65	7.15
1.070	22.65	7.15
1.072	22.65	7.15
1.071	22.65	7.15
1.069	22.65	7.15
1.070	22.65	7.15
1.070	22.65	7.15
1.069	22.65	7.15
1.071	22.65	7.15
1.073	22.65	7.15
1.070	22.65	7.15
1.070	22.65	7.15
1.070	22.65	7.15
1.070	22.65	7.15
1.070	22.65	7.15
1.070	22.65	7.15
1.071	22.65	7.15
1.070	22.65	7.15
1.071	22.65	7.15
1.071	22.65	7.15
1.070	22.65	7.15
1.071	22.65	7.15
1.071	22.65	7.15
1.069	22.65	7.15
1.071	22.65	7.15
1.070	22.65	7.15
1.071	22.65	7.15
1.070	22.65	7.15
1.070	22.65	7.15
1.070	22.65	7.16
1.071	22.65	7.16
1.070	22.65	7.16
1.071	22.65	7.16
1.069	22.65	7.16
1.069	22.65	7.16
1.071	22.65	7.16
1.070	22.65	7.16
1.069	22.65	7.16
1.070	22.65	7.16
1.070	22.65	7.16
1.070	22.65	7.16
1.070	22.65	7.16
1.070	22.65	7.16
1.069	22.65	7.16
1.070	22.65	7.16
1.071	22.65	7.16
1.072	22.65	7.16
1.071	22.65	7.16
1.069	22.65	7.16
1.071	22.65	7.16
1.071	22.65	7.16
1.070	22.65	7.16
1.069	22.65	7.16
1.071	22.65	7.16
1.071	22.65	7.16
1.070	22.65	7.16
1.071	22.65	7.16
1.070	22.65	7.16
1.071	22.65	7.16
1.071	22.65	7.16
1.070	22.65	7.16
1.072	22.65	7.16
1.072	22.65	7.16
1.071	22.65	7.16
1.070	22.65	7.16
1.070	22.65	7.16
1.070	22.65	7.16
1.071	22.65	7.16
1.071	22.65	7.16
1.071	22.65	7.16
1.071	22.65	7.16
1.073	22.65	7.16
1.071	22.65	7.16
1.071	22.65	7.16
1.069	22.65	7.16
1.072	22.65	7.16
1.072	22.65	7.16
1.076	22.65	8.16
1.073	22.65	8.16
1.075	22.65	8.16
1.076	22.65	8.17
1.075	22.65	8.17
1.074	22.65	8.17
1.074	22.65	8.17
1.074	22.65	8.17
1.073	22.65	8.17
1.074	22.65	8.17
1.076	22.65	8.17
1.075	22.65	8.17
1.075	22.65	8.17
1.074	22.65	8.17
1.075	22.65	8.17
1.074	22.65	8.18
1.075	22.65	8.18
1.075	22.65	8.18
1.075	22.65	8.18
1.073	22.65	8.18
1.075	22.65	8.18
1.074	22.65	8.18
1.074	22.65	8.18
1.076	22.65	8.18
1.074	22.65	8.18
1.074	22.65	8.18
1.075	22.65	8.18
1.074	22.65	8.18
1.075	22.65	8.18
1.075	22.65	8.18
1.074	22.65	8.19
1.076	22.65	8.19
1.073	22.65	8.19
1.073	22.65	8.19
1.077	22.65	8.19
1.074	22.65	8.19
1.074	22.65	8.19
1.075	22.65	8.19
1.075	22.65	8.19
1.075	22.65	8.19
1.075	22.65	8.19
1.074	22.65	8.19
1.073	22.65	8.19
1.074	22.65	8.19
1.074	22.65	8.19
1.074	22.65	8.19
1.074	22.65	8.19
1.074	22.65	8.19
1.075	22.65	8.19
1.074	22.65	8.19
1.073	22.65	8.19
1.074	22.65	8.19
1.075	22.65	8.19
1.074	22.65	8.19
1.074	22.65	8.19
1.075	22.65	8.20
1.076	22.65	8.20
1.075	22.65	8.20
1.075	22.65	8.20
1.076	22.65	8.20
1.074	22.65	8.20
1.074	22.65	8.20
1.074	22.65	8.20
1.075	22.65	8.20
1.074	22.65	8.20
1.075	22.65	8.20
1.074	22.65	8.20
1.076	22.65	8.20
1.073	22.65	8.20
1.075	22.65	8.20
1.074	22.65	8.20
1.073	22.65	8.20
1.074	22.65	8.20
1.074	22.65	8.20
1.075	22.65	8.20
1.074	22.65	8.20
1.074	22.65	8.20
1.076	22.65	8.20
1.074	22.65	8.20
1.075	22.65	8.21
1.075	22.65	8.21
1.075	22.65	8.21
1.075	22.65	8.21
1.076	22.65	8.21
1.074	22.65	8.21
1.075	22.65	8.21
1.074	22.65	8.21
1.076	22.65	8.21
1.074	22.65	8.21
1.073	22.65	8.21
1.074	22.65	8.21
1.075	22.65	8.21
1.074	22.65	8.21
1.074	22.65	8.21
1.075	22.65	8.21
1.075	22.65	8.21
1.074	22.65	8.21
1.074	22.65	8.21
1.077	22.65	8.21
1.074	22.65	8.21
1.076	22.65	8.21
1.074	22.65	8.21
1.073	22.65	8.21
1.077	22.65	9.22
1.078	22.65	9.22
1.077	22.65	9.23
1.077	22.65	9.23
1.077	22.65	9.23
1.079	22.65	9.23
1.077	22.65	9.23
1.079	22.65	9.23
1.078	22.65	9.23
1.078	22.65	9.23
1.078	22.65	9.23
1.078	22.65	9.24
1.079	22.65	9.24
1.078	22.65	9.24
1.078	22.65	9.24
1.077	22.65	9.24
1.077	22.65	9.24
1.076	22.65	9.24
1.078	22.65	9.24
1.078	22.65	9.24
1.077	22.65	9.24
1.078	22.65	9.24
1.078	22.65	9.24
1.078	22.65	9.24
1.077	22.65	9.25
1.077	22.65	9.25
1.077	22.65	9.25
1.078	22.65	9.25
1.077	22.65	9.25
1.077	22.65	9.25
1.079	22.65	9.25
1.077	22.65	9.25
1.077	22.65	9.25
1.077	22.65	9.25
1.078	22.65	9.25
1.078	22.65	9.25
1.078	22.65	9.26
1.078	22.65	9.26
1.078	22.65	9.26
1.079	22.65	9.26
1.077	22.65	9.26
1.078	22.65	9.26
1.078	22.65	9.26
1.078	22.65	9.27
1.078	22.65	9.27
1.077	22.65	9.27
1.078	22.65	9.27
1.078	22.65	9.27
1.077	22.65	9.28
1.078	22.65	9.28
1.077	22.65	9.28
1.077	22.65	9.28
1.079	22.65	9.28
1.077	22.65	9.28
1.078	22.65	9.29
1.077	22.65	9.29
1.078	22.65	9.29
1.078	22.65	9.29
1.078	22.65	9.29
1.078	22.65	9.29
1.078	22.65	9.29
1.078	22.65	9.29
1.079	22.65	9.29
1.078	22.65	9.30
1.077	22.65	9.30
1.079	22.65	9.30
1.077	22.65	9.30
1.078	22.65	9.30
1.077	22.65	9.30
1.080	22.65	9.30
1.078	22.65	9.31
1.079	22.65	9.31
1.079	22.65	9.31
1.079	22.65	9.31
1.078	22.65	9.31
1.078	22.65	9.31
1.078	22.65	9.31
1.078	22.65	9.31
1.077	22.65	9.32
1.077	22.65	9.32
1.077	22.65	9.32
1.078	22.65	9.32
1.078	22.65	9.32
1.077	22.65	9.32
1.078	22.65	9.32
1.079	22.65	9.32
1.077	22.65	9.32
1.078	22.65	9.32
1.077	22.65	9.33
1.079	22.65	9.33
1.079	22.65	9.33
1.079	22.65	9.33
1.078	22.65	9.33
1.078	22.65	9.33
1.077	22.65	9.33
1.079	22.65	9.33
1.077	22.65	9.33
1.078	22.65	9.33
1.077	22.65	9.34
1.077	22.65	9.34
1.078	22.65	9.34
1.078	22.65	9.34
1.080	22.65	9.34
1.080	22.65	9.34
1.077	22.65	9.34
1.078	22.65	9.34
1.079	22.65	9.34
1.077	22.65	9.34
1.079	22.65	9.34
1.078	22.65	9.34
1.078	22.65	9.34
1.079	22.65	9.35
1.078	22.65	9.35
1.078	22.65	9.35
1.077	22.65	9.35
1.078	22.65	9.35
1.078	22.65	9.35
1.079	22.65	9.35
1.079	22.65	9.35
1.078	22.65	9.35
1.080	22.65	9.35
1.078	22.65	9.35
1.077	22.65	9.35
1.078	22.65	9.35
1.078	22.65	9.35
1.079	22.65	9.35
1.078	22.65	9.35
1.078	22.65	9.35
1.079	22.65	9.35
1.078	22.65	9.35
1.079	22.65	9.35
1.082	22.65	10.21
1.082	22.65	10.21
1.083	22.65	10.21
1.083	22.65	10.21
1.083	22.65	10.21
1.082	22.65	10.21
1.082	22.65	10.21
1.082	22.65	10.21
1.083	22.65	10.21
1.083	22.65	10.21
1.082	22.65	10.21
1.084	22.65	10.21
1.082	22.65	10.21
1.083	22.65	10.22
1.082	22.65	10.22
1.082	22.65	10.22
1.084	22.65	10.22
1.084	22.65	10.22
1.083	22.65	10.22
1.082	22.65	10.22
1.083	22.65	10.22
1.083	22.65	10.22
1.083	22.65	10.22
1.083	22.65	10.22
1.084	22.65	10.22
1.082	22.65	10.22
1.084	22.65	10.22
1.083	22.65	10.22
1.083	22.65	10.22
1.082	22.65	10.22
1.083	22.65	10.22
1.083	22.65	10.23
1.081	22.65	10.23
1.083	22.65	10.23
1.083	22.65	10.23
1.082	22.65	10.23
1.083	22.65	10.23
1.084	22.65	10.23
1.082	22.65	10.23
1.082	22.65	10.23
1.082	22.65	10.23
1.083	22.65	10.23
1.083	22.65	10.24
1.082	22.65	10.24
1.081	22.65	10.24
1.082	22.65	10.24
1.083	22.65	10.24
1.082	22.65	10.24
1.083	22.65	10.25
1.082	22.65	10.25
1.081	22.65	10.25
1.083	22.65	10.25
1.084	22.65	10.26
1.082	22.65	10.26
1.082	22.65	10.26
1.081	22.65	10.26
1.083	22.65	10.26
1.084	22.65	10.27
1.084	22.65	10.27
1.082	22.65	10.27
1.082	22.65	10.27
1.083	22.65	10.27
1.082	22.65	10.28
1.083	22.65	10.28
1.082	22.65	10.28
1.082	22.65	10.28
1.083	22.65	10.28
1.083	22.65	10.28
1.083	22.65	10.28
1.082	22.65	10.28
1.083	22.65	10.29
1.083	22.65	10.29
1.083	22.65	10.29
1.082	22.65	10.29
1.083	22.65	10.29
1.084	22.65	10.29
1.083	22.65	10.30
1.083	22.65	10.30
1.083	22.65	10.30
1.085	22.65	10.30
1.082	22.65	10.30
1.082	22.65	10.30
1.082	22.65	10.30
1.082	22.65	10.31
1.084	22.65	10.31
1.082	22.65	10.31
1.081	22.65	10.31
1.083	22.65	10.31
1.083	22.65	10.31
1.081	22.65	10.31
1.083	22.65	10.31
1.083	22.65	10.31
1.082	22.65	10.31
1.083	22.65	10.32
1.083	22.65	10.32
1.084	22.65	10.32
1.082	22.65	10.32
1.083	22.65	10.32
1.084	22.65	10.32
1.083	22.65	10.32
1.084	22.65	10.32
1.083	22.65	10.32
1.083	22.65	10.32
1.083	22.65	10.33
1.083	22.65	10.33
1.082	22.65	10.33
1.082	22.65	10.33
1.084	22.65	10.33
1.083	22.65	10.33
1.083	22.65	10.33
1.083	22.65	10.33
1.083	22.65	10.33
1.083	22.65	10.33
1.083	22.65	10.33
1.082	22.65	10.33
1.082	22.65	10.33
1.082	22.65	10.33
1.083	22.65	10.33
1.082	22.65	10.33
1.084	22.65	10.33
1.084	22.65	10.33
1.082	22.65	10.33
1.082	22.65	10.34
1.083	22.65	10.34
1.082	22.65	10.34
1.082	22.65	10.34
1.083	22.65	10.34
1.084	22.65	10.34
1.082	22.65	10.34
1.085	22.65	10.34
1.084	22.65	10.34
1.083	22.65	10.34
1.083	22.65	10.34
1.082	22.65	10.34
1.083	22.65	10.34
1.083	22.65	10.34
1.082	22.65	10.35
1.083	22.65	10.35
1.083	22.65	10.35
1.083	22.65	10.35
1.083	22.65	10.35
1.082	22.65	10.35
1.082	22.65	10.35
1.082	22.65	10.35
1.082	22.65	10.35
1.084	22.65	10.35
1.082	22.65	10.35
1.083	22.65	10.35
1.084	22.65	10.35
1.083	22.65	10.35
1.082	22.65	10.35
1.084	22.65	10.35
1.081	22.65	10.36
1.082	22.65	10.36
1.082	22.65	10.36
1.084	22.65	10.36
1.082	22.65	10.36
1.083	22.65	10.36
1.082	22.65	10.36
1.084	22.65	10.36
1.083	22.65	10.36
1.082	22.65	10.36
1.084	22.65	10.36
1.083	22.65	10.36
1.085	22.65	11.09
1.086	22.65	11.09
1.085	22.65	11.09
1.086	22.65	11.10
1.086	22.65	11.10
1.085	22.65	11.10
1.086	22.65	11.10
1.086	22.65	11.10
1.086	22.65	11.10
1.086	22.65	11.10
1.086	22.65	11.11
1.086	22.65	11.11
1.087	22.65	11.11
1.087	22.65	11.11
1.085	22.65	11.11
1.086	22.65	11.12
1.087	22.65	11.12
1.086	22.65	11.12
1.084	22.65	11.12
1.086	22.65	11.12
1.085	22.65	11.12
1.086	22.65	11.12
1.086	22.65	11.13
1.085	22.65	11.13
1.086	22.65	11.13
1.087	22.65	11.13
1.087	22.65	11.13
1.085	22.65	11.14
1.086	22.65	11.14
1.086	22.65	11.14
1.087	22.65	11.14
1.085	22.65	11.14
1.087	22.65	11.14
1.084	22.65	11.15
1.087	22.65	11.15
1.086	22.65	11.15
1.087	22.65	11.15
1.086	22.65	11.15
1.086	22.65	11.15
1.085	22.65	11.15
1.086	22.65	11.16
1.084	22.65	11.16
1.086	22.65	11.16
1.085	22.65	11.16
1.087	22.65	11.16
1.085	22.65	11.16
1.087	22.65	11.16
1.086	22.65	11.16
1.085	22.65	11.16
1.086	22.65	11.17
1.085	22.65	11.17
1.085	22.65	11.17
1.087	22.65	11.17
1.085	22.65	11.17
1.087	22.65	11.17
1.086	22.65	11.17
1.085	22.65	11.17
1.087	22.65	11.18
1.087	22.65	11.18
1.085	22.65	11.18
1.086	22.65	11.18
1.084	22.65	11.18
1.085	22.65	11.18
1.086	22.65	11.18
1.086	22.65	11.18
1.085	22.65	11.18
1.085	22.65	11.19
1.084	22.65	11.19
1.086	22.65	11.19
1.086	22.65	11.19
1.085	22.65	11.19
1.086	22.65	11.19
1.086	22.65	11.19
1.085	22.65	11.19
1.087	22.65	11.19
1.087	22.65	11.19
1.087	22.65	11.20
1.085	22.65	11.20
1.085	22.65	11.20
1.086	22.65	11.20
1.084	22.65	11.20
1.087	22.65	11.20
1.085	22.65	11.20
1.087	22.65	11.20
1.086	22.65	11.20
1.085	22.65	11.20
1.086	22.65	11.20
1.085	22.65	11.20
1.086	22.65	11.21
1.085	22.65	11.21
1.085	22.65	11.21
1.086	22.65	11.21
1.084	22.65	11.21
1.086	22.65	11.21
1.085	22.65	11.21
1.085	22.65	11.21
1.085	22.65	11.21
1.087	22.65	11.21
1.086	22.65	11.21
1.086	22.65	11.21
1.088	22.65	11.21
1.086	22.65	11.21
1.086	22.65	11.21
1.086	22.65	11.21
1.086	22.65	11.21
1.086	22.65	11.21
1.087	22.65	11.21
1.087	22.65	11.21
1.086	22.65	11.21
1.084	22.65	11.21
1.086	22.65	11.21
1.087	22.65	11.21
1.088	22.65	11.21
1.086	22.65	11.21
1.086	22.65	11.22
1.086	22.65	11.22
1.086	22.65	11.22
1.085	22.65	11.22
1.088	22.65	11.22
1.087	22.65	11.22
1.089	22.65	12.19
1.089	22.65	12.19
1.089	22.65	12.19
1.089	22.65	12.19
1.090	22.65	12.19
1.091	22.65	12.19
1.091	22.65	12.19
1.089	22.65	12.19
1.089	22.65	12.19
1.090	22.65	12.20
1.089	22.65	12.20
1.090	22.65	12.20
1.089	22.65	12.20
1.090	22.65	12.20
1.091	22.65	12.20
1.091	22.65	12.20
1.089	22.65	12.20
1.089	22.65	12.21
1.090	22.65	12.21
1.090	22.65	12.21
1.090	22.65	12.21
1.090	22.65	12.21
1.088	22.65	12.21
1.089	22.65	12.21
1.091	22.65	12.21
1.090	22.65	12.22
1.091	22.65	12.22
1.090	22.65	12.22
1.091	22.65	12.22
1.091	22.65	12.22
1.090	22.65	12.22
1.089	22.65	12.22
1.091	22.65	12.22
1.090	22.65	12.22
1.088	22.65	12.22
1.091	22.65	12.22
1.088	22.65	12.22
1.090	22.65	12.22
1.089	22.65	12.23
1.090	22.65	12.23
1.090	22.65	12.23
1.090	22.65	12.23
1.090	22.65	12.23
1.090	22.65	12.23
1.091	22.65	12.23
1.090	22.65	12.23
1.088	22.65	12.23
1.091	22.65	12.23
1.088	22.65	12.23
1.090	22.65	12.23
1.090	22.65	12.24
1.090	22.65	12.24
1.089	22.65	12.24
1.090	22.65	12.24
1.090	22.65	12.24
1.089	22.65	12.24
1.090	22.65	12.24
1.088	22.65	12.24
1.091	22.65	12.24
1.091	22.65	12.24
1.091	22.65	12.24
1.089	22.65	12.24
1.089	22.65	12.24
1.089	22.65	12.25
1.089	22.65	12.25
1.089	22.65	12.25
1.089	22.65	12.25
1.089	22.65	12.25
1.091	22.65	12.25
1.091	22.65	12.25
1.089	22.65	12.25
1.089	22.65	12.25
1.089	22.65	12.25
1.088	22.65	12.25
1.090	22.65	12.25
1.089	22.65	12.25
1.091	22.65	12.25
1.089	22.65	12.25
1.092	22.65	12.25
1.090	22.65	12.25
1.090	22.65	12.25
1.089	22.65	12.26
1.089	22.65	12.26
1.090	22.65	12.26
1.090	22.65	12.26
1.091	22.65	12.26
1.090	22.65	12.26
1.089	22.65	12.26
1.089	22.65	12.26
1.089	22.65	12.26
1.090	22.65	12.26
1.089	22.65	12.26
1.090	22.65	12.26
1.090	22.65	12.26
1.090	22.65	12.26
1.090	22.65	12.26
1.089	22.65	12.26
1.089	22.65	12.26
1.088	22.65	12.26
1.089	22.65	12.26
1.089	22.65	12.26
1.089	22.65	12.26
1.088	22.65	12.26
1.090	22.65	12.26
1.091	22.65	12.26
1.090	22.65	12.26
1.090	22.65	12.26
1.091	22.65	12.26
1.090	22.65	12.26
1.090	22.65	12.26
1.089	22.65	12.26
1.092	22.65	12.26
1.090	22.65	12.26
1.090	22.65	12.26
1.090	22.65	12.26
1.090	22.65	12.26
1.089	22.65	12.26
1.090	22.65	12.26
1.090	22.65	12.26
1.090	22.65	12.26
1.090	22.65	12.26
1.090	22.65	12.27
1.089	22.65	12.27
1.089	22.65	12.27
1.089	22.65	12.27
1.090	22.65	12.27
1.090	22.65	12.27
1.090	22.65	12.27
1.090	22.65	12.27
1.091	22.65	12.27
1.090	22.65	12.27
1.089	22.65	12.27
1.090	22.65	12.27
1.090	22.65	12.27
1.089	22.65	12.27
1.091	22.65	12.27
1.091	22.65	12.27
1.091	22.65	12.27
1.088	22.65	12.27
1.091	22.65	12.27
1.090	22.65	12.27
1.091	22.65	12.27
1.089	22.65	12.27
1.090	22.65	12.27
1.090	22.65	12.27
1.088	22.65	12.27
1.090	22.65	12.27
1.090	22.65	12.27
1.090	22.65	12.27
1.091	22.65	12.27
1.090	22.65	12.27
1.090	22.65	12.27
1.090	22.65	12.27
1.091	22.65	12.27
1.090	22.65	12.27
1.090	22.65	12.27
1.090	22.65	12.27
1.091	22.65	12.27
1.090	22.65	12.27
1.091	22.65	12.27
1.089	22.65	12.27
1.090	22.65	12.27
1.090	22.65	12.27
1.091	22.65	12.27
1.090	22.65	12.27
1.090	22.65	12.27
1.091	22.65	12.27
1.090	22.65	12.27
1.090	22.65	12.27
1.090	22.65	12.27
1.090	22.65	12.27
1.089	22.65	12.27
1.089	22.65	12.27
1.091	22.65	12.27
1.089	22.65	12.27
1.091	22.65	12.27
1.090	22.65	12.27
1.090	22.65	12.27
1.090	22.65	12.27
1.090	22.65	12.27
1.090	22.65	12.27
1.090	22.65	12.27
1.089	22.65	12.27
1.090	22.65	12.27
1.089	22.65	12.27
1.090	22.65	12.27
1.090	22.65	12.27
1.090	22.65	12.27
1.089	22.65	12.27
1.090	22.65	12.27
1.090	22.65	12.27
1.090	22.65	12.27
1.090	22.65	12.27
1.090	22.65	12.27
1.090	22.65	12.28
1.090	22.65	12.27
1.089	22.65	12.28
1.091	22.65	12.28
1.090	22.65	12.28
1.091	22.65	12.28
1.088	22.65	12.28
1.089	22.65	12.28
1.091	22.65	12.28
1.091	22.65	12.28
1.089	22.65	12.28
1.090	22.65	12.28
1.089	22.65	12.28
1.091	22.65	12.28
1.090	22.65	12.28
1.091	22.65	12.28
1.091	22.65	12.28
1.089	22.65	12.28
1.090	22.65	12.28
1.089	22.65	12.28
1.090	22.65	12.28
1.090	22.65	12.28
1.091	22.65	12.28
1.091	22.65	12.28
1.090	22.65	12.28
1.090	22.65	12.28
1.089	22.65	12.28
1.090	22.65	12.28
1.090	22.65	12.28
1.091	22.65	12.28
1.091	22.65	12.28
1.091	22.65	12.28
1.089	22.65	12.28
1.091	22.65	12.28
1.090	22.65	12.28
1.091	22.65	12.28
1.089	22.65	12.28
1.089	22.65	12.28
1.090	22.65	12.28
1.091	22.65	12.28
1.089	22.65	12.28
1.090	22.65	12.28
1.091	22.65	12.28
1.090	22.65	12.28
1.090	22.65	12.28
1.090	22.65	12.28
1.089	22.65	12.28
1.089	22.65	12.28
1.089	22.65	12.28
1.091	22.65	12.28
1.090	22.65	12.28
1.088	22.65	12.28
1.091	22.65	12.28
1.089	22.65	12.28
1.089	22.65	12.28
1.091	22.65	12.28
1.089	22.65	12.28
1.090	22.65	12.28
1.091	22.65	12.28
1.091	22.65	12.28
1.089	22.65	12.28
1.091	22.65	12.28
1.091	22.65	12.28
1.090	22.65	12.28
1.089	22.65	12.28
1.089	22.65	12.28
1.089	22.65	12.28
1.090	22.65	12.28
1.091	22.65	12.28
1.090	22.65	12.28
1.091	22.65	12.28
1.090	22.65	12.28
1.089	22.65	12.28
1.092	22.65	12.28
1.089	22.65	12.28
1.090	22.65	12.28
1.091	22.65	12.28
1.090	22.65	12.28
1.089	22.65	12.28
1.090	22.65	12.28
1.091	22.65	12.28
1.090	22.65	12.28
1.091	22.65	12.28
1.090	22.65	12.28
1.089	22.65	12.28
1.091	22.65	12.28
1.092	22.65	12.28
1.091	22.65	12.28
1.093	22.65	12.28
1.090	22.65	12.28
1.089	22.65	12.28
1.090	22.65	12.28
1.090	22.65	12.28
1.091	22.65	12.28
1.091	22.65	12.28
1.089	22.65	12.28
1.090	22.65	12.28
1.091	22.65	12.28
1.091	22.65	12.28
1.090	22.65	12.28
1.090	22.65	12.28
1.090	22.65	12.28
1.090	22.65	12.28
1.090	22.65	12.28
1.091	22.65	12.28
1.088	22.65	12.28
1.088	22.65	12.28
1.091	22.65	12.28
1.092	22.65	12.28
1.090	22.65	12.28
1.090	22.65	12.28
1.090	22.65	12.28
1.091	22.65	12.28
1.091	22.65	12.28
1.091	22.65	12.28
1.089	22.65	12.28
1.089	22.65	12.28
1.090	22.65	12.28
1.090	22.65	12.28
1.091	22.65	12.28
1.091	22.65	12.28
1.091	22.65	12.28
1.091	22.65	12.28
1.090	22.65	12.28
1.090	22.65	12.28
1.090	22.65	12.28
1.091	22.65	12.28
1.091	22.65	12.28
1.091	22.65	12.28
1.090	22.65	12.28
1.088	22.65	12.28
1.091	22.65	12.28
1.090	22.65	12.28
1.090	22.65	12.28
1.090	22.65	12.28
1.089	22.65	12.28
1.090	22.65	12.28
1.091	22.65	12.28
1.090	22.65	12.28
1.090	22.65	12.28
1.090	22.65	12.28
1.088	22.65	12.28
1.091	22.65	12.28
1.091	22.65	12.28
1.091	22.65	12.28
1.090	22.65	12.28
1.091	22.65	12.28
1.090	22.65	12.28
1.091	22.65	12.28
1.090	22.65	12.28
1.090	22.65	12.28
1.092	22.65	12.28
1.090	22.65	12.28
1.091	22.65	12.28
1.091	22.65	12.28
1.090	22.65	12.28
1.092	22.65	12.28
1.091	22.65	12.28
1.090	22.65	12.28
1.090	22.65	12.28
1.091	22.65	12.28
1.089	22.65	12.28
1.091	22.65	12.28
1.091	22.65	12.28
1.090	22.65	12.28
1.090	22.65	12.28
1.090	22.65	12.28
1.087	22.65	12.28
1.092	22.65	12.28
1.090	22.65	12.28
1.090	22.65	12.28
1.090	22.65	12.28
1.090	22.65	12.28
1.090	22.65	12.28
1.092	22.65	12.28
1.092	22.65	12.28
1.090	22.65	12.28
1.090	22.65	12.28
1.092	22.65	12.28
1.090	22.65	12.28
1.090	22.65	12.28
1.090	22.65	12.28
1.090	22.65	12.28
1.091	22.65	12.28
1.090	22.65	12.28
1.090	22.65	12.28
1.090	22.65	12.28
1.089	22.65	12.28
1.089	22.65	12.28
1.090	22.65	12.28
1.091	22.65	12.28
1.091	22.65	12.28
1.091	22.65	12.28
1.091	22.65	12.28
1.089	22.65	12.28
1.090	22.65	12.28
1.092	22.65	12.28
1.092	22.65	12.28
1.091	22.65	12.28
1.091	22.65	12.28
1.091	22.65	12.28
1.090	22.65	12.28
1.089	22.65	12.28
1.091	22.65	12.28
1.091	22.65	12.28
1.090	22.65	12.28
1.091	22.65	12.28
1.091	22.65	12.28
1.089	22.65	12.28
1.089	22.65	12.28
1.090	22.65	12.28
1.090	22.65	12.28
1.090	22.65	12.28
1.091	22.65	12.28
1.090	22.65	12.28
1.089	22.65	12.28
1.090	22.65	12.28
1.091	22.65	12.28
1.091	22.65	12.28
1.091	22.65	12.28
1.090	22.65	12.28
1.090	22.65	12.28
1.090	22.65	12.28
1.089	22.65	12.28
1.091	22.65	12.28
1.090	22.65	12.28
1.090	22.65	12.28
1.089	22.65	12.28
1.090	22.65	12.28
1.089	22.65	12.28
1.091	22.65	12.28
1.090	22.65	12.28
1.090	22.65	12.28
1.090	22.65	12.28
1.089	22.65	12.28
1.089	22.65	12.28
1.090	22.65	12.28
1.089	22.65	12.28
1.090	22.65	12.28
1.090	22.65	12.28
1.089	22.65	12.28
1.090	22.65	12.28
1.090	22.65	12.28
1.089	22.65	12.28
1.090	22.65	12.28
1.092	22.65	12.28
1.091	22.65	12.28
1.091	22.65	12.28
1.091	22.65	12.28
1.089	22.65	12.28
1.090	22.65	12.28
1.090	22.65	12.28
1.092	22.65	12.28
1.091	22.65	12.28
1.090	22.65	12.28
1.091	22.65	12.28
1.089	22.65	12.28
1.089	22.65	12.28
1.090	22.65	12.28
1.092	22.65	12.28
1.090	22.65	12.28
1.090	22.65	12.28
1.090	22.65	12.28
1.089	22.65	12.28
1.089	22.65	12.28
1.090	22.65	12.28
1.090	22.65	12.28
1.090	22.65	12.28
1.088	22.65	12.28
1.090	22.65	12.28
1.089	22.65	12.28
1.090	22.65	12.28
1.090	22.65	12.28
1.091	22.65	12.28
1.091	22.65	12.28
1.090	22.65	12.28
1.090	22.65	12.28
1.090	22.65	12.28
1.091	22.65	12.28
1.090	22.65	12.28
1.091	22.65	12.28
1.089	22.65	12.28
1.091	22.65	12.28
1.090	22.65	12.28
1.090	22.65	12.28
1.090	22.65	12.28
1.091	22.65	12.28
1.091	22.65	12.28
1.089	22.65	12.28
1.090	22.65	12.28
1.091	22.65	12.28
1.090	22.65	12.28
1.090	22.65	12.28
1.090	22.65	12.28
1.091	22.65	12.28
1.090	22.65	12.28
1.092	22.65	12.28
1.090	22.65	12.29
1.090	22.65	12.28
1.089	22.65	12.28
1.089	22.65	12.28
1.090	22.65	12.29
1.090	22.65	12.28
1.090	22.65	12.29
1.092	22.65	12.29
1.089	22.65	12.29
1.091	22.65	12.28
1.090	22.65	12.28
1.090	22.65	12.29
1.091	22.65	12.28
1.092	22.65	12.28
1.090	22.65	12.29
1.090	22.65	12.28
1.090	22.65	12.29
1.091	22.65	12.28
1.090	22.65	12.29
1.089	22.65	12.28
1.092	22.65	12.29
1.091	22.65	12.29
1.091	22.65	12.29
1.090	22.65	12.28
1.090	22.65	12.29
1.090	22.65	12.29
1.091	22.65	12.29
1.089	22.65	12.29
1.090	22.65	12.29
1.090	22.65	12.29
1.089	22.65	12.29
1.091	22.65	12.29
1.092	22.65	12.29
1.091	22.65	12.29
1.091	22.65	12.29
1.089	22.65	12.29
1.091	22.65	12.29
1.090	22.65	12.29
1.090	22.65	12.29
1.089	22.65	12.29
1.090	22.65	12.29
1.090	22.65	12.29
1.089	22.65	12.29
1.091	22.65	12.29
1.090	22.65	12.29
1.091	22.65	12.29
1.089	22.65	12.29
1.091	22.65	12.29
1.092	22.65	12.29
1.091	22.65	12.29
1.091	22.65	12.29
1.091	22.65	12.29
1.092	22.65	12.29
1.091	22.65	12.29
1.094	22.65	13.05
1.092	22.65	13.05
1.093	22.65	13.06
1.093	22.65	13.06
1.094	22.65	13.06
1.095	22.65	13.06
1.092	22.65	13.06
1.092	22.65	13.06
1.095	22.65	13.07
1.093	22.65	13.07
1.093	22.65	13.07
1.093	22.65	13.07
1.093	22.65	13.07
1.093	22.65	13.07
1.092	22.65	13.08
1.094	22.65	13.08
1.093	22.65	13.08
1.093	22.65	13.08
1.092	22.65	13.08
1.095	22.65	13.08
1.093	22.65	13.08
1.092	22.65	13.08
1.093	22.65	13.09
1.093	22.65	13.09
1.091	22.65	13.09
1.093	22.65	13.09
1.094	22.65	13.09
1.093	22.65	13.09
1.094	22.65	13.10
1.093	22.65	13.10
1.092	22.65	13.10
1.093	22.65	13.10
1.093	22.65	13.10
1.094	22.65	13.10
1.092	22.65	13.10
1.093	22.65	13.11
1.094	22.65	13.11
1.093	22.65	13.11
1.094	22.65	13.11
1.092	22.65	13.11
1.093	22.65	13.11
1.092	22.65	13.11
1.093	22.65	13.11
1.092	22.65	13.12
1.094	22.65	13.12
1.092	22.65	13.12
1.092	22.65	13.12
1.094	22.65	13.12
1.092	22.65	13.12
1.092	22.65	13.12
1.092	22.65	13.12
1.094	22.65	13.12
1.094	22.65	13.12
1.093	22.65	13.12
1.093	22.65	13.12
1.093	22.65	13.13
1.093	22.65	13.13
1.093	22.65	13.13
1.092	22.65	13.13
1.092	22.65	13.13
1.093	22.65	13.13
1.092	22.65	13.13
1.094	22.65	13.13
1.093	22.65	13.13
1.093	22.65	13.13
1.092	22.65	13.13
1.091	22.65	13.14
1.092	22.65	13.14
1.092	22.65	13.14
1.093	22.65	13.14
1.093	22.65	13.14
1.092	22.65	13.14
1.092	22.65	13.14
1.093	22.65	13.14
1.095	22.65	13.14
1.093	22.65	13.14
1.093	22.65	13.14
1.092	22.65	13.15
1.093	22.65	13.15
1.092	22.65	13.15
1.092	22.65	13.15
1.093	22.65	13.15
1.093	22.65	13.15
1.093	22.65	13.15
1.091	22.65	13.15
1.093	22.65	13.15
1.094	22.65	13.15
1.092	22.65	13.15
1.094	22.65	13.15
1.092	22.65	13.15
1.094	22.65	13.15
1.092	22.65	13.15
1.093	22.65	13.16
1.092	22.65	13.16
1.094	22.65	13.16
1.092	22.65	13.16
1.091	22.65	13.16
1.093	22.65	13.16
1.091	22.65	13.16
1.093	22.65	13.16
1.092	22.65	13.16
1.094	22.65	13.16
1.092	22.65	13.16
1.099	22.65	15.11
1.101	22.65	15.11
1.099	22.65	15.11
1.099	22.65	15.12
1.100	22.65	15.12
1.099	22.65	15.12
1.100	22.65	15.12
1.100	22.65	15.12
1.101	22.65	15.12
1.099	22.65	15.13
1.101	22.65	15.13
1.100	22.65	15.13
1.100	22.65	15.13
1.099	22.65	15.13
1.101	22.65	15.14
1.100	22.65	15.14
1.100	22.65	15.14
1.100	22.65	15.14
1.101	22.65	15.14
1.100	22.65	15.14
1.100	22.65	15.15
1.098	22.65	15.15
1.101	22.65	15.15
1.100	22.65	15.15
1.100	22.65	15.15
1.101	22.65	15.15
1.100	22.65	15.15
1.100	22.65	15.15
1.099	22.65	15.15
1.101	22.65	15.16
1.099	22.65	15.16
1.100	22.65	15.16
1.100	22.65	15.16
1.101	22.65	15.16
1.100	22.65	15.16
1.100	22.65	15.16
1.100	22.65	15.16
1.100	22.65	15.17
1.100	22.65	15.17
1.101	22.65	15.17
1.100	22.65	15.17
1.100	22.65	15.17
1.101	22.65	15.17
1.101	22.65	15.17
1.099	22.65	15.17
1.100	22.65	15.17
1.100	22.65	15.18
1.100	22.65	15.18
1.100	22.65	15.18
1.099	22.65	15.18
1.101	22.65	15.18
1.100	22.65	15.18
1.099	22.65	15.18
1.099	22.65	15.18
1.099	22.65	15.18
1.100	22.65	15.18
1.101	22.65	15.18
1.101	22.65	15.18
1.101	22.65	15.18
1.100	22.65	15.19
1.101	22.65	15.19
1.100	22.65	15.19
1.100	22.65	15.19
1.100	22.65	15.19
1.099	22.65	15.19
1.100	22.65	15.19
1.101	22.65	15.19
1.100	22.65	15.19
1.101	22.65	15.19
1.101	22.65	15.20
1.099	22.65	15.20
1.101	22.65	15.20
1.100	22.65	15.20
1.102	22.65	15.20
1.100	22.65	15.20
1.100	22.65	15.20
1.100	22.65	15.20
1.099	22.65	15.20
1.100	22.65	15.20
1.101	22.65	15.20
1.101	22.65	15.20
1.099	22.65	15.21
1.100	22.65	15.21
1.100	22.65	15.21
1.100	22.65	15.21
1.101	22.65	15.21
1.101	22.65	15.21
1.099	22.65	15.21
1.101	22.65	15.21
1.101	22.65	15.21
1.100	22.65	15.21
1.100	22.65	15.21
1.101	22.65	15.21
1.102	22.65	15.21
1.100	22.65	15.21
1.101	22.65	15.21
1.099	22.65	15.21
1.101	22.65	15.22
1.101	22.65	15.22
1.100	22.65	15.22
1.101	22.65	15.22
1.101	22.65	15.22
1.111	22.65	18.09
1.113	22.65	18.09
1.112	22.65	18.09
1.111	22.65	18.09
1.112	22.65	18.09
1.112	22.65	18.09
1.110	22.65	18.09
1.109	22.65	18.10
1.111	22.65	18.10
1.111	22.65	18.10
1.112	22.65	18.10
1.110	22.65	18.10
1.114	22.65	18.10
1.113	22.65	18.10
1.112	22.65	18.10
1.113	22.65	18.10
1.113	22.65	18.10
1.111	22.65	18.11
1.112	22.65	18.11
1.111	22.65	18.11
1.112	22.65	18.11
1.111	22.65	18.11
1.112	22.65	18.12
1.112	22.65	18.12
1.112	22.65	18.12
1.111	22.65	18.12
1.111	22.65	18.12
1.112	22.65	18.13
1.112	22.65	18.13
1.112	22.65	18.13
1.111	22.65	18.13
1.112	22.65	18.14
1.113	22.65	18.14
1.113	22.65	18.14
1.113	22.65	18.14
1.111	22.65	18.15
1.111	22.65	18.15
1.113	22.65	18.15
1.111	22.65	18.15
1.112	22.65	18.15
1.109	22.65	18.15
1.113	22.65	18.16
1.113	22.65	18.16
1.111	22.65	18.16
1.112	22.65	18.16
1.110	22.65	18.16
1.112	22.65	18.17
1.113	22.65	18.17
1.111	22.65	18.17
1.111	22.65	18.17
1.111	22.65	18.17
1.111	22.65	18.18
1.110	22.65	18.18
1.113	22.65	18.18
1.111	22.65	18.18
1.112	22.65	18.18
1.111	22.65	18.19
1.112	22.65	18.19
1.112	22.65	18.19
1.112	22.65	18.19
1.113	22.65	18.19
1.112	22.65	18.19
1.112	22.65	18.19
1.112	22.65	18.19
1.112	22.65	18.19
1.111	22.65	18.20
1.112	22.65	18.20
1.112	22.65	18.20
1.111	22.65	18.20
1.112	22.65	18.20
1.112	22.65	18.20
1.112	22.65	18.20
1.111	22.65	18.20
1.113	22.65	18.21
1.112	22.65	18.21
1.111	22.65	18.21
1.112	22.65	18.21
1.111	22.65	18.21
1.112	22.65	18.21
1.112	22.65	18.21
1.113	22.65	18.21
1.112	22.65	18.22
1.112	22.65	18.22
1.113	22.65	18.22
1.113	22.65	18.22
1.112	22.65	18.22
1.111	22.65	18.22
1.112	22.65	18.22
1.113	22.65	18.22
1.112	22.65	18.22
1.112	22.65	18.22
1.109	22.65	18.22
1.113	22.65	18.22
1.112	22.65	18.22
1.113	22.65	18.22
1.113	22.65	18.22
1.112	22.65	18.22
1.113	22.65	18.23
1.113	22.65	18.23
1.112	22.65	18.23
1.112	22.65	18.23
1.113	22.65	18.23
1.112	22.65	18.23
1.113	22.65	18.23
1.111	22.65	18.23
1.112	22.65	18.23
1.113	22.65	18.23
1.116	22.65	19.14
1.114	22.65	19.14
1.115	22.65	19.14
1.116	22.65	19.15
1.117	22.65	19.15
1.116	22.65	19.15
1.116	22.65	19.15
1.114	22.65	19.15
1.116	22.65	19.15
1.117	22.65	19.15
1.116	22.65	19.15
1.116	22.65	19.16
1.117	22.65	19.16
1.114	22.65	19.16
1.115	22.65	19.16
1.116	22.65	19.16
1.116	22.65	19.16
1.117	22.65	19.16
1.118	22.65	19.17
1.115	22.65	19.17
1.117	22.65	19.17
1.115	22.65	19.17
1.116	22.65	19.17
1.115	22.65	19.17
1.115	22.65	19.17
1.115	22.65	19.18
1.115	22.65	19.18
1.115	22.65	19.18
1.115	22.65	19.18
1.115	22.65	19.18
1.117	22.65	19.18
1.116	22.65	19.18
1.117	22.65	19.18
1.116	22.65	19.19
1.117	22.65	19.19
1.116	22.65	19.19
1.115	22.65	19.19
1.113	22.65	19.19
1.115	22.65	19.19
1.115	22.65	19.19
1.115	22.65	19.19
1.117	22.65	19.19
1.115	22.65	19.19
1.115	22.65	19.19
1.115	22.65	19.19
1.116	22.65	19.20
1.115	22.65	19.20
1.115	22.65	19.20
1.116	22.65	19.20
1.116	22.65	19.20
1.115	22.65	19.20
1.115	22.65	19.20
1.117	22.65	19.20
1.115	22.65	19.20
1.117	22.65	19.20
1.116	22.65	19.20
1.115	22.65	19.21
1.116	22.65	19.21
1.115	22.65	19.21
1.116	22.65	19.21
1.114	22.65	19.21
1.115	22.65	19.21
1.114	22.65	19.21
1.117	22.65	19.21
1.114	22.65	19.21
1.115	22.65	19.21
1.114	22.65	19.21
1.115	22.65	19.21
1.116	22.65	19.21
1.117	22.65	19.22
1.116	22.65	19.22
1.115	22.65	19.22
1.116	22.65	19.22
1.115	22.65	19.22
1.118	22.65	19.22
1.116	22.65	19.22
1.114	22.65	19.22
1.115	22.65	19.22
1.116	22.65	19.22
1.116	22.65	19.22
1.116	22.65	19.22
1.115	22.65	19.22
1.115	22.65	19.22
1.117	22.65	19.22
1.116	22.65	19.22
1.114	22.65	19.22
1.116	22.65	19.22
1.117	22.65	19.22
1.117	22.65	19.22
1.117	22.65	19.22
1.116	22.65	19.22
1.116	22.65	19.22
1.116	22.65	19.23
1.116	22.65	19.23
1.117	22.65	19.23
1.115	22.65	19.23
1.115	22.65	19.23
1.117	22.65	19.23
1.117	22.65	19.23
1.116	22.65	19.23
1.117	22.65	19.23
1.115	22.65	19.23
1.116	22.65	19.23
1.119	22.65	20.08
1.119	22.65	20.08
1.122	22.65	20.08
1.120	22.65	20.08
1.119	22.65	20.08
1.118	22.65	20.08
1.118	22.65	20.09
1.119	22.65	20.09
1.118	22.65	20.09
1.119	22.65	20.09
1.120	22.65	20.09
1.119	22.65	20.09
1.117	22.65	20.09
1.119	22.65	20.09
1.118	22.65	20.09
1.119	22.65	20.09
1.118	22.65	20.09
1.118	22.65	20.10
1.120	22.65	20.10
1.119	22.65	20.10
1.118	22.65	20.10
1.120	22.65	20.10
1.120	22.65	20.10
1.119	22.65	20.10
1.120	22.65	20.10
1.120	22.65	20.10
1.119	22.65	20.10
1.120	22.65	20.11
1.118	22.65	20.11
1.119	22.65	20.11
1.120	22.65	20.11
1.119	22.65	20.11
1.118	22.65	20.11
1.119	22.65	20.11
1.119	22.65	20.11
1.120	22.65	20.11
1.118	22.65	20.12
1.117	22.65	20.12
1.120	22.65	20.12
1.119	22.65	20.12
1.120	22.65	20.12
1.119	22.65	20.12
1.119	22.65	20.12
1.119	22.65	20.12
1.116	22.65	20.12
1.117	22.65	20.12
1.119	22.65	20.12
1.118	22.65	20.12
1.118	22.65	20.12
1.118	22.65	20.13
1.121	22.65	20.13
1.121	22.65	20.13
1.118	22.65	20.13
1.120	22.65	20.13
1.118	22.65	20.13
1.119	22.65	20.13
1.118	22.65	20.13
1.119	22.65	20.13
1.119	22.65	20.13
1.119	22.65	20.13
1.119	22.65	20.13
1.119	22.65	20.13
1.118	22.65	20.13
1.118	22.65	20.13
1.119	22.65	20.13
1.119	22.65	20.13
1.120	22.65	20.13
1.120	22.65	20.13
1.120	22.65	20.13
1.120	22.65	20.13
1.120	22.65	20.14
1.120	22.65	20.14
1.119	22.65	20.14
1.120	22.65	20.14
1.119	22.65	20.14
1.119	22.65	20.14
1.118	22.65	20.14
1.119	22.65	20.14
1.119	22.65	20.14
1.121	22.65	20.14
1.119	22.65	20.14
1.119	22.65	20.14
1.119	22.65	20.14
1.120	22.65	20.14
1.119	22.65	20.14
1.118	22.65	20.14
1.119	22.65	20.14
1.118	22.65	20.14
1.119	22.65	20.14
1.119	22.65	20.14
1.119	22.65	20.14
1.119	22.65	20.14
1.119	22.65	20.15
1.119	22.65	20.15
1.117	22.65	20.15
1.120	22.65	20.15
1.120	22.65	20.15
1.119	22.65	20.15
1.120	22.65	20.15
1.118	22.65	20.15
1.120	22.65	20.15
1.120	22.65	20.15
1.120	22.65	20.15
1.119	22.65	20.15
1.123	22.65	21.03
1.122	22.65	21.03
1.123	22.65	21.03
1.122	22.65	21.03
1.123	22.65	21.04
1.120	22.65	21.04
1.123	22.65	21.04
1.124	22.65	21.04
1.123	22.65	21.04
1.123	22.65	21.04
1.123	22.65	21.04
1.123	22.65	21.05
1.124	22.65	21.05
1.123	22.65	21.05
1.122	22.65	21.05
1.123	22.65	21.05
1.123	22.65	21.05
1.123	22.65	21.05
1.122	22.65	21.06
1.123	22.65	21.06
1.121	22.65	21.06
1.123	22.65	21.06
1.122	22.65	21.06
1.122	22.65	21.06
1.122	22.65	21.07
1.123	22.65	21.07
1.122	22.65	21.07
1.122	22.65	21.07
1.122	22.65	21.07
1.122	22.65	21.07
1.121	22.65	21.07
1.123	22.65	21.08
1.124	22.65	21.08
1.122	22.65	21.08
1.124	22.65	21.08
1.123	22.65	21.08
1.122	22.65	21.08
1.123	22.65	21.08
1.122	22.65	21.08
1.122	22.65	21.08
1.123	22.65	21.08
1.122	22.65	21.08
1.123	22.65	21.09
1.121	22.65	21.09
1.122	22.65	21.09
1.122	22.65	21.09
1.122	22.65	21.09
1.126	22.65	21.09
1.123	22.65	21.09
1.123	22.65	21.09
1.122	22.65	21.10
1.122	22.65	21.10
1.124	22.65	21.10
1.122	22.65	21.10
1.122	22.65	21.10
1.124	22.65	21.10
1.123	22.65	21.10
1.122	22.65	21.10
1.122	22.65	21.10
1.123	22.65	21.10
1.124	22.65	21.10
1.122	22.65	21.11
1.121	22.65	21.11
1.121	22.65	21.11
1.123	22.65	21.11
1.122	22.65	21.11
1.123	22.65	21.11
1.123	22.65	21.11
1.123	22.65	21.11
1.122	22.65	21.11
1.124	22.65	21.11
1.124	22.65	21.11
1.124	22.65	21.11
1.123	22.65	21.11
1.123	22.65	21.12
1.123	22.65	21.12
1.122	22.65	21.12
1.123	22.65	21.12
1.123	22.65	21.12
1.122	22.65	21.12
1.122	22.65	21.12
1.123	22.65	21.12
1.122	22.65	21.12
1.124	22.65	21.12
1.122	22.65	21.12
1.122	22.65	21.12
1.122	22.65	21.12
1.123	22.65	21.12
1.125	22.65	21.12
1.122	22.65	21.12
1.123	22.65	21.12
1.124	22.65	21.12
1.123	22.65	21.12
1.123	22.65	21.12
1.124	22.65	21.12
1.121	22.65	21.12
1.124	22.65	21.12
1.123	22.65	21.12
1.121	22.65	21.12
1.123	22.65	21.12
1.123	22.65	21.12
1.124	22.65	21.12
1.122	22.65	21.12
