1,049	22,65	2,85
1,049	22,65	2,85
1,051	22,65	2,85
1,048	22,65	2,85
1,050	22,65	2,85
1,052	22,65	2,85
1,049	22,65	2,85
1,049	22,65	2,85
1,049	22,65	2,85
1,048	22,65	2,85
1,051	22,65	2,85
1,049	22,65	2,85
1,048	22,65	2,85
1,049	22,65	2,85
1,050	22,65	2,85
1,049	22,65	2,85
1,050	22,65	2,85
1,049	22,65	2,85
1,049	22,65	2,85
1,050	22,65	2,85
1,050	22,65	2,85
1,049	22,65	2,85
1,049	22,65	2,85
1,049	22,65	2,86
1,050	22,65	2,86
1,049	22,65	2,86
1,049	22,65	2,86
1,049	22,65	2,86
1,051	22,65	2,86
1,049	22,65	2,86
1,050	22,65	2,86
1,050	22,65	2,86
1,050	22,65	2,86
1,049	22,65	2,86
1,049	22,65	2,86
1,049	22,65	2,86
1,049	22,65	2,86
1,050	22,65	2,86
1,049	22,65	2,86
1,050	22,65	2,86
1,049	22,65	2,86
1,050	22,65	2,86
1,050	22,65	2,86
1,049	22,65	2,86
1,049	22,65	2,86
1,050	22,65	2,86
1,050	22,65	2,86
1,051	22,65	2,86
1,049	22,65	2,86
1,050	22,65	2,86
1,049	22,65	2,86
1,050	22,65	2,86
1,048	22,65	2,86
1,050	22,65	2,86
1,048	22,65	2,86
1,049	22,65	2,86
1,049	22,65	2,86
1,050	22,65	2,86
1,050	22,65	2,86
1,049	22,65	2,86
1,049	22,65	2,86
1,050	22,65	2,86
1,048	22,65	2,86
1,049	22,65	2,87
1,049	22,65	2,87
1,050	22,65	2,87
1,049	22,65	2,87
1,049	22,65	2,87
1,049	22,65	2,87
1,050	22,65	2,87
1,048	22,65	2,87
1,049	22,65	2,87
1,047	22,65	2,87
1,051	22,65	2,87
1,049	22,65	2,87
