1,130	22,65	24,13
1,131	22,65	24,13
1,129	22,65	24,13
1,130	22,65	24,13
1,131	22,65	24,13
1,131	22,65	24,13
1,133	22,65	24,13
1,131	22,65	24,13
1,132	22,65	24,13
1,131	22,65	24,13
1,134	22,65	24,13
1,135	22,65	24,13
1,138	22,62	24,13
1,141	22,51	24,13
1,146	22,39	24,13
1,154	22,23	24,13
1,162	22,10	24,13
1,171	21,85	24,13
1,180	21,68	24,13
1,192	21,55	24,13
1,199	21,32	24,13
1,209	21,18	24,13
1,217	21,04	24,13
1,227	20,77	24,13
1,234	20,71	24,13
1,243	20,49	24,13
1,253	20,30	24,13
1,263	20,16	24,13
1,274	19,96	24,13
1,284	19,82	24,13
1,295	19,60	24,13
1,306	19,34	24,13
1,321	19,17	24,13
1,335	18,98	24,13
1,346	18,86	24,13
1,359	18,71	24,13
1,369	18,47	24,13
1,380	18,39	24,13
1,389	18,32	24,13
1,403	18,10	24,13
1,414	17,84	24,13
1,428	17,66	24,13
1,440	17,53	24,13
1,452	17,36	24,13
1,461	17,18	24,13
1,475	17,07	24,13
1,488	16,87	24,13
1,502	16,71	24,13
1,516	16,57	24,13
1,530	16,35	24,13
1,544	16,19	24,13
1,558	16,03	24,13
1,576	15,86	24,13
1,590	15,71	24,13
1,607	15,53	24,13
1,620	15,37	24,13
1,635	15,21	24,13
1,650	15,01	24,13
1,666	14,87	24,13
1,680	14,73	24,13
1,696	14,52	24,13
1,715	14,39	24,13
1,731	14,20	24,13
1,750	14,04	24,13
1,764	13,93	24,13
1,778	13,82	24,13
1,782	13,79	24,13
1,791	13,65	24,13
1,804	13,51	24,13
1,824	13,37	24,13
1,842	13,19	24,13
1,864	13,00	24,13
1,889	12,83	24,13
1,913	12,63	24,13
1,939	12,42	24,13
1,966	12,24	24,13
1,989	12,09	24,13
2,019	11,88	24,13
2,047	11,70	24,13
2,076	11,53	24,13
2,109	11,31	24,13
2,145	11,10	24,13
2,185	10,85	24,13
2,224	10,67	24,13
2,265	10,42	24,13
2,306	10,21	24,13
2,350	9,96	24,13
2,392	9,66	24,13
2,432	9,53	24,13
2,472	9,44	24,13
2,511	9,31	24,13
2,525	9,23	24,13
2,521	9,26	24,13
2,522	9,22	24,13
2,538	9,14	24,13
2,566	9,01	24,13
2,604	8,86	24,13
2,642	8,75	24,13
2,684	8,51	24,13
2,736	8,36	24,13
2,785	8,21	24,13
2,832	8,03	24,13
2,883	7,89	24,13
2,918	7,79	24,13
2,947	7,65	24,13
2,978	7,53	24,13
3,023	7,46	24,13
3,067	7,32	24,13
3,123	7,16	24,13
3,188	6,96	24,13
3,258	6,73	24,13
3,331	6,55	24,13
3,414	6,33	24,13
3,488	6,12	24,13
3,573	5,95	24,13
3,659	5,80	24,13
3,743	5,62	24,13
3,787	5,50	24,13
3,785	5,48	24,13
3,774	5,46	24,13
3,787	5,38	24,13
3,834	5,37	24,13
3,898	5,21	24,13
3,976	5,25	24,13
4,039	5,23	24,13
4,084	5,22	24,13
4,139	5,20	24,13
4,203	5,17	24,13
4,278	5,20	24,13
4,311	5,22	24,13
4,311	5,18	24,13
4,312	5,20	24,13
4,312	5,20	24,13
4,312	5,20	24,13
4,312	5,18	24,13
4,262	5,17	24,13
4,134	5,21	24,13
4,017	5,26	24,13
3,882	5,30	24,13
3,762	5,51	24,13
3,656	5,75	24,13
3,552	5,87	24,13
3,461	6,12	24,13
3,378	6,28	24,13
3,291	6,57	24,13
3,225	6,63	24,13
3,208	6,67	24,13
3,183	6,78	24,13
3,148	6,95	24,13
3,112	7,10	24,13
3,074	7,20	24,13
3,053	7,29	24,13
3,020	7,40	24,13
2,974	7,55	24,13
2,922	7,66	24,13
2,878	7,82	24,13
2,824	7,99	24,13
2,775	8,17	24,13
2,719	8,43	24,13
2,664	8,59	24,13
2,611	8,85	24,13
2,562	9,02	24,13
2,515	9,15	24,13
2,464	9,37	24,13
2,412	9,51	24,13
2,372	9,63	24,13
2,333	9,92	24,13
2,295	10,13	24,13
2,262	10,33	24,13
2,227	10,50	24,13
2,193	10,74	24,13
2,153	10,94	24,13
2,120	11,17	24,13
2,085	11,36	24,13
2,049	11,61	24,13
2,017	11,79	24,13
1,983	12,04	24,13
1,956	12,22	24,13
1,924	12,45	24,13
1,897	12,65	24,13
1,871	12,84	24,13
1,865	12,87	24,13
1,866	12,94	24,13
1,861	13,00	24,13
1,855	13,06	24,13
1,847	13,14	24,13
1,832	13,30	24,13
1,812	13,48	24,13
1,793	13,62	24,13
1,770	13,81	24,13
1,750	13,97	24,13
1,735	14,09	24,13
1,719	14,25	24,13
1,702	14,41	24,13
1,688	14,54	24,13
1,672	14,71	24,13
1,657	14,87	24,13
1,644	14,97	24,13
1,631	15,11	24,13
1,617	15,28	24,13
1,602	15,43	24,13
1,588	15,59	24,13
1,577	15,75	24,13
1,561	15,87	24,13
1,552	15,99	24,13
1,539	16,16	24,13
1,524	16,31	24,13
1,515	16,42	24,13
1,504	16,59	24,13
1,494	16,71	24,13
1,492	16,73	24,13
1,495	16,73	24,13
1,490	16,82	24,13
1,482	16,92	24,13
1,470	17,09	24,13
1,458	17,24	24,13
1,450	17,34	24,13
1,443	17,44	24,13
1,447	17,41	24,13
1,446	17,42	24,13
1,441	17,52	24,13
1,433	17,63	24,13
1,423	17,77	24,13
1,412	17,95	24,13
1,399	18,21	24,13
1,393	18,32	24,13
1,383	18,36	24,13
1,384	18,38	24,13
1,379	18,41	24,13
1,375	18,43	24,13
1,363	18,63	24,13
1,352	18,81	24,13
1,339	18,89	24,13
1,331	19,04	24,13
1,319	19,21	24,13
1,309	19,36	24,13
1,298	19,56	24,13
1,291	19,68	24,13
1,281	19,85	24,13
1,275	20,02	24,13
1,266	20,12	24,13
1,255	20,27	24,13
1,249	20,39	24,13
1,240	20,56	24,13
1,231	20,75	24,13
1,225	20,91	24,13
1,219	21,06	24,13
1,209	21,14	24,13
1,202	21,41	24,13
1,193	21,52	24,13
1,187	21,67	24,13
1,182	21,83	24,13
1,176	21,96	24,13
1,169	22,08	24,13
1,164	22,20	24,13
1,158	22,42	24,13
1,151	22,50	24,13
1,145	22,59	24,13
1,140	22,63	24,13
1,134	22,63	24,13
1,127	22,63	24,13
1,127	22,63	24,13
1,128	22,63	24,13
1,128	22,63	24,13
1,129	22,63	24,13
1,128	22,63	24,13
1,129	22,63	24,13
1,128	22,63	24,13
1,130	22,63	24,13
1,130	22,63	24,13
1,132	22,63	24,13
1,130	22,63	24,13
1,131	22,63	24,13
1,130	22,63	24,13
1,130	22,63	24,13
1,131	22,63	24,13
1,131	22,63	24,13
1,132	22,63	24,13
1,131	22,63	24,13
