1,132	22,65	24,17
1,134	22,65	24,17
1,134	22,65	24,17
1,133	22,65	24,17
1,133	22,65	24,17
1,134	22,65	24,17
1,134	22,65	24,17
1,134	22,65	24,17
1,133	22,65	24,17
1,132	22,65	24,17
1,133	22,65	24,17
1,133	22,65	24,17
1,133	22,65	24,17
1,133	22,65	24,17
1,133	22,65	24,17
1,134	22,65	24,17
1,135	22,65	24,17
1,136	22,65	24,17
1,137	22,65	24,17
1,136	22,65	24,17
1,139	22,65	24,17
1,140	22,65	24,17
1,142	22,63	24,17
1,143	22,64	24,17
1,147	22,60	24,17
1,147	22,56	24,17
1,150	22,54	24,17
1,151	22,46	24,17
1,154	22,41	24,17
1,158	22,40	24,17
1,160	22,34	24,17
1,159	22,34	24,17
1,160	22,33	24,17
1,161	22,35	24,17
1,161	22,34	24,17
1,163	22,32	24,17
1,163	22,26	24,17
1,163	22,28	24,17
1,163	22,30	24,17
1,165	22,27	24,17
1,166	22,23	24,17
1,166	22,22	24,17
1,166	22,23	24,17
1,167	22,24	24,17
1,167	22,24	24,17
1,168	22,24	24,17
1,167	22,25	24,17
1,167	22,20	24,17
1,169	22,20	24,17
1,168	22,17	24,17
1,170	22,16	24,17
1,171	22,12	24,17
1,171	22,11	24,17
1,173	22,06	24,17
1,173	22,04	24,17
1,174	22,03	24,17
1,175	22,02	24,17
1,172	22,02	24,17
1,175	22,01	24,17
1,175	21,98	24,17
1,176	22,00	24,17
1,176	21,97	24,17
1,177	21,96	24,17
1,177	21,96	24,17
1,178	21,96	24,17
1,179	21,92	24,17
1,179	21,90	24,17
1,180	21,90	24,17
1,180	21,87	24,17
1,180	21,87	24,17
1,182	21,84	24,17
1,181	21,82	24,17
1,183	21,73	24,17
1,183	21,59	24,17
1,184	21,65	24,17
1,183	21,73	24,17
1,185	21,80	24,17
1,186	21,79	24,17
1,186	21,78	24,17
1,186	21,78	24,17
1,186	21,78	24,17
1,188	21,77	24,17
1,187	21,77	24,17
1,187	21,75	24,17
1,188	21,75	24,17
1,189	21,77	24,17
1,188	21,74	24,17
1,189	21,72	24,17
1,189	21,71	24,17
1,190	21,69	24,17
1,191	21,66	24,17
1,191	21,68	24,17
1,192	21,65	24,17
1,191	21,65	24,17
1,192	21,64	24,17
1,192	21,63	24,17
1,194	21,60	24,17
1,195	21,59	24,17
1,197	21,57	24,17
1,198	21,58	24,17
1,198	21,54	24,17
1,197	21,52	24,17
1,199	21,50	24,17
1,198	21,50	24,17
1,200	21,48	24,17
1,201	21,45	24,17
1,202	21,46	24,17
1,203	21,37	24,17
1,204	21,39	24,17
1,204	21,38	24,17
1,206	21,37	24,17
1,206	21,36	24,17
1,207	21,36	24,17
1,207	21,34	24,17
1,206	21,33	24,17
1,209	21,30	24,17
1,211	21,25	24,17
1,210	21,23	24,17
1,211	21,26	24,17
1,213	21,29	24,17
1,213	21,27	24,17
1,215	21,20	24,17
1,215	21,18	24,17
1,217	21,14	24,17
1,217	21,16	24,17
1,219	21,13	24,17
1,218	21,13	24,17
1,219	21,11	24,17
1,220	21,13	24,17
1,221	21,06	24,17
1,222	21,02	24,17
1,223	21,05	24,17
1,225	20,96	24,17
1,226	20,93	24,17
1,226	20,93	24,17
1,228	20,92	24,17
1,227	20,85	24,17
1,231	20,82	24,17
1,231	20,79	24,17
1,232	20,83	24,17
1,234	20,81	24,17
1,236	20,81	24,17
1,236	20,81	24,17
1,238	20,76	24,17
1,238	20,71	24,17
1,240	20,67	24,17
1,241	20,65	24,17
1,243	20,67	24,17
1,243	20,64	24,17
1,244	20,60	24,17
1,245	20,60	24,17
1,246	20,54	24,17
1,247	20,52	24,17
1,248	20,49	24,17
1,248	20,46	24,17
1,251	20,44	24,17
1,252	20,46	24,17
1,252	20,44	24,17
1,253	20,43	24,17
1,254	20,43	24,17
1,254	20,39	24,17
1,254	20,39	24,17
1,256	20,37	24,17
1,255	20,33	24,17
1,257	20,32	24,17
1,259	20,30	24,17
1,259	20,29	24,17
1,260	20,28	24,17
1,261	20,28	24,17
1,261	20,30	24,17
1,262	20,30	24,17
1,261	20,28	24,17
1,264	20,27	24,17
1,263	20,25	24,17
1,264	20,24	24,17
1,264	20,23	24,17
1,266	20,22	24,17
1,266	20,19	24,17
1,266	20,18	24,17
1,266	20,17	24,17
1,268	20,16	24,17
1,267	20,15	24,17
1,269	20,14	24,17
1,268	20,13	24,17
1,268	20,13	24,17
1,271	20,12	24,17
1,269	20,14	24,17
1,270	20,13	24,17
1,270	20,10	24,17
1,270	20,09	24,17
1,271	20,07	24,17
1,274	20,05	24,17
1,274	20,06	24,17
1,275	20,05	24,17
1,274	20,05	24,17
1,276	20,02	24,17
1,276	20,01	24,17
1,276	19,98	24,17
1,278	19,96	24,17
1,280	19,96	24,17
1,280	19,96	24,17
1,282	19,93	24,17
1,282	19,89	24,17
1,284	19,90	24,17
1,284	19,90	24,17
1,285	19,90	24,17
1,285	19,86	24,17
1,287	19,85	24,17
1,288	19,84	24,17
1,289	19,83	24,17
1,289	19,81	24,17
1,292	19,79	24,17
1,292	19,77	24,17
1,291	19,77	24,17
1,292	19,75	24,17
1,294	19,75	24,17
1,294	19,69	24,17
1,294	19,72	24,17
1,296	19,71	24,16
1,295	19,68	24,16
1,297	19,66	24,16
1,299	19,62	24,16
1,299	19,62	24,16
1,300	19,63	24,16
1,299	19,62	24,16
1,302	19,62	24,16
1,302	19,58	24,16
1,302	19,55	24,16
1,303	19,54	24,16
1,304	19,54	24,16
1,305	19,52	24,16
1,305	19,50	24,16
1,304	19,49	24,16
1,308	19,47	24,16
1,306	19,49	24,16
1,306	19,48	24,16
1,307	19,46	24,16
1,309	19,46	24,16
1,309	19,41	24,16
1,309	19,41	24,16
1,309	19,40	24,16
1,309	19,40	24,16
1,312	19,40	24,16
1,311	19,38	24,16
1,312	19,38	24,16
1,313	19,38	24,16
1,315	19,39	24,16
1,315	19,36	24,16
1,316	19,33	24,16
1,317	19,32	24,16
1,317	19,32	24,16
1,318	19,30	24,16
1,319	19,31	24,16
1,322	19,31	24,16
1,320	19,30	24,16
1,321	19,26	24,16
1,322	19,26	24,16
1,324	19,23	24,16
1,323	19,22	24,16
1,322	19,22	24,16
1,325	19,20	24,16
1,325	19,18	24,16
1,325	19,17	24,16
1,325	19,16	24,16
1,327	19,14	24,16
1,327	19,14	24,16
1,328	19,14	24,16
1,328	19,15	24,16
1,328	19,15	24,16
1,329	19,15	24,16
1,329	19,14	24,16
1,329	19,14	24,16
1,329	19,14	24,16
1,330	19,13	24,16
1,330	19,11	24,16
1,331	19,11	24,16
1,331	19,10	24,16
1,332	19,09	24,16
1,331	19,08	24,16
1,331	19,08	24,16
1,333	19,05	24,16
1,335	19,05	24,16
1,334	19,05	24,16
1,333	19,05	24,16
1,335	19,03	24,16
1,337	19,02	24,16
1,337	19,01	24,16
1,337	19,01	24,16
1,336	18,99	24,16
1,338	18,96	24,16
1,337	18,95	24,16
1,339	18,95	24,16
1,339	18,96	24,16
1,339	18,95	24,16
1,341	18,94	24,16
1,340	18,95	24,16
1,341	18,96	24,16
1,342	18,97	24,16
1,342	18,97	24,16
1,344	18,95	24,16
1,342	18,93	24,16
1,343	18,93	24,16
1,345	18,91	24,16
1,345	18,88	24,16
1,346	18,89	24,16
1,346	18,91	24,16
1,346	18,91	24,16
1,347	18,92	24,16
1,348	18,90	24,16
1,347	18,90	24,16
1,348	18,89	24,16
1,347	18,88	24,16
1,350	18,87	24,16
1,351	18,88	24,16
1,353	18,84	24,16
1,352	18,84	24,16
1,353	18,82	24,16
1,354	18,80	24,16
1,355	18,77	24,16
1,356	18,77	24,16
1,356	18,77	24,16
1,356	18,76	24,16
1,357	18,75	24,16
1,357	18,75	24,16
1,358	18,75	24,16
1,359	18,74	24,16
1,359	18,69	24,16
1,361	18,66	24,16
1,361	18,63	24,16
1,361	18,63	24,16
1,363	18,63	24,16
1,362	18,63	24,16
1,362	18,62	24,16
1,365	18,58	24,16
1,365	18,58	24,16
1,366	18,56	24,16
1,367	18,55	24,16
1,368	18,56	24,16
1,369	18,54	24,16
1,370	18,53	24,16
1,371	18,47	24,16
1,370	18,43	24,16
1,372	18,45	24,16
1,370	18,49	24,16
1,372	18,49	24,16
1,373	18,49	24,16
1,374	18,48	24,16
1,375	18,46	24,16
1,375	18,46	24,16
1,376	18,46	24,16
1,376	18,42	24,16
1,377	18,42	24,16
1,379	18,42	24,16
1,379	18,40	24,16
1,380	18,41	24,16
1,381	18,41	24,16
1,381	18,40	24,16
1,383	18,39	24,16
1,382	18,39	24,16
1,384	18,39	24,16
1,383	18,39	24,16
1,387	18,38	24,16
1,387	18,37	24,16
1,387	18,37	24,16
1,388	18,37	24,16
1,389	18,35	24,16
1,390	18,34	24,16
1,389	18,34	24,16
1,392	18,33	24,16
1,391	18,33	24,16
1,393	18,30	24,16
1,393	18,29	24,16
1,394	18,28	24,16
1,394	18,28	24,16
1,395	18,27	24,16
1,395	18,26	24,16
1,393	18,25	24,16
1,396	18,23	24,16
1,398	18,22	24,16
1,400	18,20	24,16
1,400	18,19	24,16
1,399	18,18	24,16
1,400	18,16	24,16
1,401	18,15	24,16
1,401	18,14	24,16
1,402	18,12	24,16
1,404	18,10	24,16
1,404	18,09	24,16
1,406	18,07	24,16
1,406	18,05	24,16
1,408	18,04	24,16
1,409	18,01	24,16
1,409	18,00	24,16
1,410	17,98	24,16
1,411	17,96	24,16
1,412	17,94	24,16
1,413	17,93	24,16
1,414	17,92	24,16
1,415	17,90	24,16
1,415	17,87	24,16
1,416	17,86	24,16
1,417	17,84	24,16
1,418	17,82	24,16
1,418	17,81	24,16
1,420	17,79	24,16
1,420	17,78	24,16
1,421	17,76	24,16
1,421	17,75	24,16
1,423	17,73	24,16
1,424	17,72	24,16
1,423	17,71	24,16
1,426	17,69	24,16
1,425	17,68	24,16
1,427	17,67	24,16
1,428	17,66	24,16
1,429	17,64	24,16
1,430	17,64	24,16
1,433	17,63	24,16
1,431	17,60	24,16
1,435	17,59	24,16
1,435	17,58	24,16
1,435	17,57	24,16
1,438	17,57	24,16
1,438	17,56	24,16
1,440	17,55	24,16
1,441	17,53	24,16
1,442	17,51	24,16
1,443	17,51	24,16
1,443	17,50	24,16
1,445	17,48	24,16
1,446	17,46	24,16
1,446	17,44	24,16
1,449	17,41	24,16
1,449	17,39	24,16
1,450	17,37	24,16
1,453	17,34	24,16
1,453	17,32	24,16
1,455	17,30	24,16
1,457	17,28	24,16
1,457	17,26	24,16
1,458	17,25	24,16
1,461	17,23	24,16
1,463	17,21	24,16
1,462	17,20	24,16
1,464	17,19	24,16
1,466	17,18	24,16
1,466	17,16	24,16
1,467	17,14	24,16
1,469	17,13	24,16
1,471	17,12	24,16
1,472	17,11	24,16
1,473	17,09	24,16
1,473	17,08	24,16
1,475	17,07	24,16
1,476	17,06	24,16
1,478	17,05	24,16
1,480	17,03	24,16
1,480	17,02	24,16
1,482	17,00	24,16
1,483	16,98	24,16
1,485	16,95	24,16
1,485	16,92	24,16
1,488	16,91	24,16
1,489	16,88	24,16
1,489	16,87	24,16
1,490	16,84	24,16
1,493	16,82	24,16
1,494	16,81	24,16
1,495	16,79	24,16
1,498	16,76	24,16
1,496	16,74	24,16
1,501	16,73	24,16
1,502	16,70	24,16
1,503	16,69	24,16
1,504	16,68	24,16
1,503	16,67	24,16
1,506	16,66	24,16
1,508	16,64	24,16
1,508	16,62	24,16
1,512	16,60	24,16
1,513	16,59	24,16
1,514	16,58	24,16
1,515	16,56	24,16
1,518	16,54	24,16
1,519	16,52	24,16
1,520	16,50	24,16
1,522	16,48	24,16
1,524	16,45	24,16
1,524	16,43	24,16
1,527	16,41	24,16
1,529	16,39	24,16
1,531	16,37	24,16
1,531	16,35	24,16
1,533	16,33	24,16
1,532	16,32	24,16
1,534	16,30	24,16
1,535	16,29	24,16
1,536	16,28	24,16
1,537	16,27	24,16
1,537	16,25	24,16
1,540	16,24	24,16
1,540	16,23	24,16
1,541	16,22	24,16
1,541	16,21	24,16
1,543	16,20	24,16
1,546	16,18	24,16
1,545	16,18	24,16
1,546	16,16	24,16
1,548	16,15	24,16
1,551	16,13	24,16
1,552	16,12	24,16
1,554	16,10	24,16
1,554	16,08	24,16
1,556	16,07	24,16
1,557	16,05	24,16
1,558	16,05	24,16
1,559	16,03	24,16
1,560	16,02	24,16
1,562	16,00	24,16
1,563	15,98	24,16
1,566	15,95	24,16
1,568	15,93	24,16
1,568	15,91	24,16
1,570	15,89	24,16
1,572	15,88	24,16
1,573	15,86	24,16
1,574	15,85	24,16
1,574	15,84	24,16
1,577	15,83	24,16
1,578	15,81	24,16
1,579	15,80	24,16
1,581	15,78	24,16
1,581	15,77	24,16
1,583	15,76	24,16
1,584	15,75	24,16
1,584	15,74	24,16
1,584	15,74	24,16
1,587	15,72	24,16
1,588	15,70	24,16
1,592	15,69	24,16
1,592	15,67	24,16
1,593	15,66	24,16
1,594	15,65	24,16
1,599	15,63	24,16
1,600	15,62	24,16
1,600	15,59	24,16
1,600	15,57	24,16
1,605	15,54	24,16
1,604	15,52	24,16
1,608	15,51	24,16
1,608	15,48	24,16
1,609	15,46	24,16
1,612	15,44	24,16
1,614	15,41	24,16
1,615	15,38	24,16
1,618	15,36	24,16
1,622	15,34	24,16
1,621	15,33	24,16
1,621	15,31	24,16
1,623	15,30	24,16
1,626	15,29	24,16
1,625	15,27	24,16
1,627	15,23	24,16
1,631	15,20	24,16
1,635	15,18	24,16
1,637	15,16	24,16
1,640	15,14	24,16
1,640	15,14	24,16
1,641	15,11	24,16
1,644	15,08	24,16
1,646	15,06	24,16
1,648	15,02	24,16
1,651	15,00	24,16
1,654	14,98	24,16
1,655	14,95	24,16
1,658	14,94	24,16
1,659	14,91	24,16
1,662	14,90	24,16
1,662	14,88	24,16
1,663	14,86	24,16
1,666	14,84	24,16
1,668	14,82	24,16
1,669	14,81	24,16
1,670	14,80	24,16
1,672	14,78	24,16
1,673	14,77	24,16
1,676	14,76	24,16
1,678	14,73	24,16
1,679	14,72	24,16
1,681	14,70	24,16
1,684	14,68	24,16
1,685	14,67	24,16
1,687	14,66	24,16
1,688	14,64	24,16
1,689	14,62	24,16
1,690	14,61	24,16
1,692	14,58	24,16
1,695	14,55	24,16
1,697	14,53	24,16
1,700	14,51	24,16
1,701	14,48	24,16
1,703	14,46	24,16
1,705	14,44	24,16
1,707	14,42	24,16
1,711	14,41	24,16
1,711	14,39	24,16
1,713	14,36	24,16
1,715	14,34	24,16
1,719	14,32	24,16
1,720	14,31	24,16
1,723	14,28	24,16
1,724	14,27	24,16
1,726	14,23	24,16
1,729	14,22	24,16
1,732	14,20	24,16
1,734	14,19	24,16
1,736	14,18	24,16
1,738	14,16	24,16
1,739	14,12	24,16
1,741	14,09	24,16
1,744	14,05	24,16
1,749	14,03	24,16
1,750	14,01	24,16
1,754	13,99	24,16
1,754	13,98	24,16
1,756	13,96	24,16
1,758	13,94	24,16
1,761	13,92	24,16
1,762	13,90	24,16
1,764	13,88	24,16
1,768	13,87	24,16
1,769	13,87	24,16
1,770	13,86	24,16
1,773	13,84	24,16
1,773	13,81	24,16
1,777	13,79	24,16
1,781	13,78	24,16
1,783	13,75	24,16
1,783	13,73	24,16
1,788	13,72	24,16
1,788	13,69	24,16
1,789	13,68	24,16
1,792	13,66	24,16
1,795	13,63	24,16
1,797	13,61	24,16
1,799	13,58	24,16
1,801	13,58	24,16
1,804	13,53	24,16
1,806	13,52	24,16
1,809	13,48	24,16
1,812	13,45	24,16
1,814	13,45	24,16
1,815	13,43	24,16
1,820	13,43	24,16
1,820	13,42	24,16
1,822	13,40	24,16
1,824	13,37	24,16
1,827	13,37	24,16
1,829	13,35	24,16
1,833	13,33	24,16
1,835	13,31	24,16
1,836	13,27	24,16
1,841	13,25	24,16
1,843	13,19	24,16
1,846	13,20	24,16
1,848	13,17	24,16
1,851	13,14	24,16
1,854	13,11	24,16
1,858	13,08	24,16
1,861	13,06	24,16
1,863	13,03	24,16
1,867	13,03	24,16
1,869	13,00	24,16
1,870	12,97	24,16
1,873	12,95	24,16
1,878	12,94	24,16
1,877	12,92	24,16
1,883	12,88	24,16
1,885	12,88	24,16
1,887	12,87	24,16
1,888	12,87	24,16
1,888	12,83	24,16
1,891	12,80	24,16
1,894	12,79	24,16
1,896	12,78	24,16
1,899	12,77	24,16
1,900	12,75	24,16
1,902	12,72	24,16
1,907	12,70	24,16
1,908	12,69	24,16
1,908	12,67	24,16
1,911	12,68	24,16
1,912	12,66	24,16
1,915	12,61	24,16
1,918	12,59	24,16
1,919	12,56	24,16
1,922	12,55	24,16
1,925	12,55	24,16
1,926	12,52	24,16
1,929	12,50	24,16
1,932	12,49	24,16
1,935	12,47	24,16
1,938	12,44	24,16
1,940	12,43	24,16
1,945	12,41	24,16
1,946	12,42	24,16
1,950	12,38	24,16
1,951	12,35	24,16
1,954	12,34	24,16
1,957	12,32	24,16
1,961	12,30	24,16
1,964	12,24	24,16
1,968	12,21	24,16
1,970	12,19	24,16
1,976	12,16	24,16
1,980	12,14	24,16
1,982	12,11	24,16
1,984	12,09	24,16
1,988	12,08	24,16
1,993	12,06	24,16
1,992	12,04	24,16
1,994	12,03	24,16
1,996	12,00	24,16
1,999	12,00	24,16
2,001	11,98	24,16
2,004	11,97	24,16
2,007	11,96	24,16
2,010	11,95	24,16
2,012	11,92	24,16
2,016	11,92	24,16
2,019	11,87	24,16
2,022	11,84	24,16
2,026	11,81	24,16
2,032	11,79	24,16
2,036	11,75	24,16
2,039	11,74	24,16
2,040	11,71	24,16
2,044	11,70	24,16
2,046	11,67	24,16
2,049	11,66	24,16
2,051	11,65	24,16
2,055	11,64	24,16
2,059	11,61	24,16
2,060	11,61	24,16
2,062	11,57	24,16
2,067	11,56	24,16
2,070	11,55	24,16
2,073	11,54	24,16
2,076	11,51	24,16
2,078	11,49	24,16
2,081	11,49	24,16
2,085	11,47	24,16
2,089	11,45	24,16
2,091	11,43	24,16
2,095	11,41	24,16
2,097	11,39	24,16
2,101	11,36	24,16
2,104	11,32	24,16
2,110	11,29	24,16
2,113	11,28	24,16
2,116	11,26	24,16
2,117	11,25	24,16
2,120	11,21	24,16
2,123	11,21	24,16
2,126	11,19	24,16
2,129	11,16	24,16
2,131	11,14	24,16
2,136	11,12	24,16
2,141	11,10	24,16
2,145	11,08	24,16
2,147	11,06	24,16
2,151	11,06	24,16
2,155	11,04	24,16
2,157	11,02	24,16
2,161	11,00	24,16
2,163	10,98	24,16
2,165	10,97	24,16
2,169	10,92	24,16
2,173	10,89	24,16
2,179	10,86	24,16
2,182	10,84	24,16
2,186	10,81	24,16
2,190	10,78	24,16
2,194	10,76	24,16
2,198	10,75	24,16
2,201	10,74	24,16
2,204	10,71	24,16
2,208	10,70	24,16
2,211	10,67	24,16
2,214	10,65	24,16
2,217	10,63	24,16
2,220	10,61	24,16
2,225	10,59	24,16
2,226	10,57	24,16
2,231	10,56	24,16
2,235	10,53	24,16
2,238	10,51	24,16
2,244	10,49	24,16
2,247	10,48	24,16
2,252	10,43	24,16
2,256	10,40	24,16
2,260	10,39	24,16
2,261	10,37	24,16
2,268	10,36	24,16
2,270	10,34	24,15
2,275	10,31	24,15
2,280	10,29	24,15
2,283	10,27	24,15
2,287	10,24	24,16
2,290	10,23	24,15
2,294	10,21	24,15
2,297	10,18	24,16
2,301	10,16	24,15
2,305	10,14	24,15
2,311	10,11	24,15
2,318	10,10	24,15
2,323	10,07	24,15
2,327	10,05	24,15
2,331	10,03	24,15
2,332	10,02	24,15
2,337	10,00	24,15
2,342	9,94	24,15
2,345	9,87	24,15
2,349	9,87	24,15
2,353	9,83	24,15
2,357	9,77	24,15
2,362	9,74	24,15
2,367	9,68	24,15
2,369	9,67	24,15
2,373	9,64	24,15
2,376	9,64	24,15
2,378	9,62	24,15
2,383	9,57	24,15
2,385	9,56	24,15
2,390	9,56	24,15
2,395	9,55	24,15
2,400	9,55	24,15
2,406	9,54	24,15
2,410	9,53	24,15
2,416	9,53	24,15
2,420	9,53	24,15
2,425	9,52	24,15
2,431	9,49	24,15
2,436	9,49	24,15
2,441	9,48	24,15
2,447	9,47	24,15
2,452	9,39	24,15
2,455	9,41	24,15
2,461	9,40	24,15
2,464	9,34	24,15
2,468	9,33	24,15
2,474	9,31	24,15
2,477	9,30	24,15
2,478	9,31	24,15
2,484	9,29	24,15
2,487	9,26	24,15
2,492	9,26	24,15
2,496	9,24	24,15
2,501	9,22	24,15
2,508	9,20	24,15
2,512	9,17	24,15
2,517	9,17	24,15
2,520	9,16	24,15
2,528	9,14	24,15
2,530	9,11	24,15
2,533	9,15	24,15
2,535	9,14	24,15
2,541	9,10	24,15
2,551	9,04	24,15
2,556	9,02	24,15
2,562	9,02	24,15
2,567	9,00	24,15
2,571	8,97	24,15
2,575	8,98	24,15
2,583	8,98	24,15
2,584	8,92	24,15
2,589	8,95	24,15
2,594	8,90	24,15
2,598	8,91	24,15
2,604	8,87	24,15
2,612	8,83	24,15
2,618	8,83	24,15
2,622	8,75	24,15
2,630	8,73	24,15
2,635	8,76	24,15
2,636	8,75	24,15
2,640	8,70	24,15
2,643	8,71	24,15
2,647	8,64	24,15
2,656	8,58	24,15
2,659	8,58	24,15
2,664	8,56	24,15
2,672	8,58	24,15
2,678	8,53	24,15
2,682	8,50	24,15
2,684	8,54	24,15
2,691	8,48	24,15
2,693	8,47	24,15
2,699	8,47	24,15
2,705	8,43	24,15
2,709	8,37	24,15
2,714	8,38	24,15
2,722	8,36	24,15
2,728	8,38	24,15
2,735	8,31	24,15
2,744	8,28	24,15
2,751	8,24	24,15
2,755	8,26	24,15
2,760	8,26	24,15
2,763	8,20	24,15
2,769	8,22	24,15
2,772	8,22	24,15
2,778	8,18	24,15
2,785	8,11	24,15
2,790	8,12	24,15
2,795	8,10	24,15
2,801	8,09	24,15
2,807	8,02	24,15
2,814	8,05	24,15
2,818	8,00	24,15
2,825	7,95	24,15
2,829	7,96	24,15
2,832	7,93	24,15
2,840	7,89	24,15
2,850	7,89	24,15
2,858	7,86	24,15
2,868	7,86	24,15
2,875	7,85	24,15
2,879	7,84	24,15
2,884	7,81	24,15
2,885	7,84	24,15
2,883	7,83	24,15
2,883	7,84	24,15
2,877	7,85	24,15
2,870	7,94	24,15
2,864	7,94	24,15
2,854	8,02	24,15
2,848	8,07	24,15
2,842	8,03	24,15
2,838	8,05	24,15
2,833	8,08	24,15
2,825	8,15	24,15
2,817	8,12	24,15
2,810	8,13	24,15
2,802	8,19	24,15
2,795	8,23	24,15
2,789	8,20	24,15
2,784	8,19	24,15
2,775	8,27	24,15
2,768	8,32	24,15
2,761	8,27	24,15
2,754	8,33	24,15
2,747	8,30	24,15
2,740	8,39	24,15
2,732	8,40	24,15
2,727	8,42	24,15
2,721	8,45	24,15
2,716	8,50	24,15
2,709	8,51	24,15
2,705	8,51	24,15
2,698	8,49	24,15
2,693	8,53	24,15
2,687	8,55	24,15
2,680	8,56	24,15
2,672	8,58	24,15
2,667	8,56	24,15
2,661	8,68	24,15
2,657	8,66	24,15
2,652	8,70	24,15
2,645	8,75	24,15
2,638	8,78	24,15
2,629	8,79	24,15
2,620	8,93	24,15
2,612	8,91	24,15
2,603	8,95	24,15
2,597	8,94	24,15
2,592	9,00	24,15
2,585	9,01	24,15
2,578	9,02	24,15
2,570	9,03	24,15
2,564	9,04	24,15
2,556	9,04	24,15
2,549	9,09	24,15
2,545	9,11	24,15
2,540	9,12	24,15
2,536	9,16	24,15
2,528	9,15	24,15
2,521	9,16	24,15
2,509	9,22	24,15
2,502	9,25	24,15
2,494	9,33	24,15
2,489	9,31	24,15
2,486	9,33	24,15
2,481	9,35	24,15
2,477	9,35	24,15
2,471	9,36	24,15
2,469	9,37	24,15
2,465	9,39	24,15
2,460	9,40	24,15
2,457	9,39	24,15
2,453	9,45	24,15
2,450	9,46	24,15
2,446	9,46	24,15
2,442	9,48	24,15
2,439	9,48	24,15
2,433	9,49	24,15
2,431	9,50	24,15
2,427	9,52	24,15
2,421	9,53	24,15
2,417	9,53	24,15
2,410	9,55	24,15
2,406	9,54	24,15
2,402	9,55	24,15
2,399	9,55	24,15
2,394	9,56	24,15
2,392	9,59	24,15
2,386	9,63	24,15
2,379	9,67	24,15
2,374	9,75	24,15
2,368	9,78	24,15
2,364	9,82	24,15
2,360	9,85	24,15
2,356	9,86	24,15
2,352	9,88	24,15
2,349	9,89	24,15
2,346	9,93	24,15
2,343	9,95	24,15
2,342	9,96	24,15
2,337	9,99	24,15
2,332	10,01	24,15
2,329	10,03	24,15
2,322	10,06	24,15
2,318	10,09	24,15
2,311	10,12	24,15
2,309	10,14	24,15
2,305	10,16	24,15
2,302	10,17	24,15
2,297	10,21	24,15
2,293	10,24	24,15
2,290	10,27	24,15
2,285	10,30	24,15
2,278	10,34	24,15
2,274	10,36	24,15
2,269	10,38	24,15
2,264	10,40	24,15
2,261	10,40	24,15
2,258	10,42	24,15
2,254	10,43	24,15
2,250	10,46	24,15
2,246	10,49	24,15
2,242	10,53	24,15
2,236	10,55	24,15
2,229	10,58	24,15
2,225	10,61	24,15
2,220	10,64	24,15
2,217	10,65	24,15
2,214	10,68	24,15
2,210	10,70	24,15
2,208	10,74	24,15
2,203	10,75	24,15
2,197	10,80	24,15
2,193	10,81	24,15
2,188	10,83	24,15
2,183	10,85	24,15
2,179	10,86	24,15
2,179	10,88	24,15
2,174	10,91	24,15
2,168	10,95	24,15
2,163	10,96	24,15
2,159	11,00	24,15
2,152	11,05	24,15
2,148	11,08	24,15
2,143	11,11	24,15
2,139	11,12	24,15
2,133	11,15	24,15
2,131	11,19	24,15
2,126	11,21	24,15
2,124	11,24	24,15
2,121	11,27	24,15
2,117	11,29	24,15
2,110	11,33	24,15
2,103	11,36	24,15
2,101	11,38	24,15
2,097	11,39	24,15
2,094	11,41	24,15
2,091	11,43	24,15
2,088	11,45	24,15
2,083	11,47	24,15
2,078	11,51	24,15
2,075	11,53	24,15
2,071	11,56	24,15
2,066	11,58	24,15
2,064	11,60	24,15
2,061	11,62	24,15
2,057	11,66	24,15
2,053	11,68	24,15
2,050	11,71	24,15
2,044	11,73	24,15
2,042	11,75	24,15
2,036	11,78	24,15
2,034	11,79	24,15
2,031	11,80	24,15
2,027	11,82	24,15
2,024	11,85	24,15
2,020	11,87	24,15
2,016	11,89	24,15
2,013	11,92	24,15
2,010	11,96	24,15
2,005	11,99	24,15
1,999	12,02	24,15
1,996	12,06	24,15
1,994	12,09	24,15
1,985	12,13	24,15
1,981	12,17	24,15
1,979	12,18	24,15
1,976	12,21	24,15
1,972	12,23	24,15
1,967	12,25	24,15
1,963	12,28	24,15
1,960	12,31	24,15
1,955	12,35	24,15
1,949	12,39	24,15
1,944	12,43	24,15
1,938	12,48	24,15
1,934	12,52	24,15
1,932	12,55	24,15
1,925	12,58	24,15
1,922	12,62	24,15
1,919	12,65	24,15
1,919	12,65	24,15
1,915	12,67	24,15
1,914	12,67	24,15
1,912	12,68	24,15
1,911	12,69	24,15
1,907	12,71	24,15
1,904	12,74	24,15
1,900	12,77	24,15
1,898	12,78	24,15
1,894	12,81	24,15
1,891	12,82	24,15
1,892	12,86	24,15
1,883	12,89	24,15
1,882	12,92	24,15
1,879	12,95	24,15
1,877	12,97	24,15
1,872	13,00	24,15
1,869	13,03	24,15
1,866	13,05	24,15
1,865	13,08	24,15
1,863	13,11	24,15
1,858	13,12	24,15
1,856	13,15	24,15
1,854	13,16	24,15
1,851	13,19	24,15
1,851	13,20	24,15
1,846	13,22	24,15
1,843	13,24	24,15
1,841	13,26	24,15
1,839	13,28	24,15
1,833	13,30	24,15
1,831	13,32	24,15
1,827	13,37	24,15
1,824	13,39	24,15
1,821	13,42	24,15
1,819	13,45	24,15
1,816	13,47	24,15
1,813	13,50	24,15
1,811	13,53	24,15
1,810	13,55	24,15
1,807	13,56	24,15
1,804	13,59	24,15
1,800	13,62	24,15
1,799	13,65	24,15
1,794	13,66	24,15
1,793	13,68	24,15
1,790	13,70	24,15
1,788	13,72	24,15
1,785	13,74	24,15
1,782	13,76	24,15
1,779	13,78	24,15
1,776	13,81	24,15
1,771	13,84	24,15
1,771	13,87	24,15
1,767	13,89	24,15
1,765	13,91	24,15
1,764	13,93	24,15
1,763	13,96	24,15
1,760	13,97	24,15
1,760	13,99	24,15
1,758	13,99	24,15
1,757	14,01	24,15
1,754	14,03	24,15
1,752	14,04	24,15
1,748	14,06	24,15
1,746	14,11	24,15
1,744	14,11	24,15
1,741	14,14	24,15
1,737	14,17	24,15
1,734	14,19	24,15
1,731	14,22	24,15
1,727	14,27	24,15
1,725	14,31	24,15
1,720	14,35	24,15
1,717	14,37	24,15
1,714	14,41	24,15
1,712	14,43	24,15
1,712	14,45	24,15
1,707	14,48	24,15
1,703	14,49	24,15
1,705	14,51	24,15
1,701	14,53	24,15
1,699	14,54	24,15
1,698	14,56	24,15
1,694	14,58	24,15
1,692	14,62	24,15
1,690	14,63	24,15
1,685	14,66	24,15
1,683	14,70	24,15
1,681	14,73	24,15
1,676	14,77	24,15
1,674	14,80	24,15
1,672	14,82	24,15
1,670	14,84	24,15
1,667	14,88	24,15
1,664	14,90	24,15
1,662	14,93	24,15
1,659	14,95	24,15
1,657	14,97	24,15
1,655	14,99	24,15
1,653	15,01	24,15
1,651	15,02	24,15
1,649	15,04	24,15
1,648	15,05	24,15
1,647	15,06	24,15
1,645	15,08	24,15
1,643	15,09	24,15
1,642	15,12	24,15
1,640	15,13	24,15
1,637	15,16	24,15
1,636	15,18	24,15
1,633	15,21	24,15
1,633	15,23	24,15
1,629	15,25	24,15
1,628	15,29	24,15
1,625	15,33	24,15
1,625	15,34	24,15
1,621	15,37	24,15
1,621	15,38	24,15
1,618	15,40	24,15
1,617	15,44	24,15
1,614	15,45	24,15
1,610	15,47	24,15
1,611	15,49	24,15
1,607	15,51	24,15
1,605	15,53	24,15
1,603	15,55	24,15
1,604	15,57	24,15
1,601	15,59	24,15
1,599	15,61	24,15
1,598	15,63	24,15
1,596	15,65	24,15
1,595	15,67	24,15
1,591	15,68	24,15
1,588	15,70	24,15
1,591	15,72	24,15
1,586	15,74	24,15
1,585	15,77	24,15
1,584	15,80	24,15
1,580	15,82	24,15
1,579	15,84	24,15
1,577	15,86	24,15
1,575	15,87	24,15
1,575	15,90	24,15
1,572	15,91	24,15
1,570	15,93	24,15
1,568	15,95	24,15
1,566	15,96	24,15
1,563	15,99	24,15
1,562	16,01	24,15
1,562	16,01	24,15
1,559	16,03	24,15
1,558	16,05	24,15
1,555	16,06	24,15
1,554	16,09	24,15
1,554	16,12	24,15
1,549	16,15	24,15
1,547	16,18	24,15
1,547	16,19	24,15
1,545	16,22	24,15
1,542	16,23	24,15
1,540	16,27	24,15
1,538	16,29	24,15
1,536	16,32	24,15
1,535	16,35	24,15
1,531	16,37	24,15
1,531	16,40	24,15
1,526	16,42	24,15
1,527	16,44	24,15
1,524	16,45	24,15
1,522	16,47	24,15
1,520	16,49	24,15
1,519	16,51	24,15
1,517	16,54	24,15
1,515	16,58	24,15
1,512	16,60	24,15
1,511	16,63	24,15
1,510	16,65	24,15
1,508	16,66	24,15
1,506	16,68	24,15
1,505	16,70	24,15
1,504	16,73	24,15
1,502	16,75	24,15
1,501	16,78	24,15
1,499	16,81	24,15
1,498	16,82	24,15
1,499	16,85	24,15
1,494	16,87	24,15
1,493	16,90	24,15
1,489	16,93	24,15
1,487	16,95	24,15
1,487	16,96	24,15
1,485	17,00	24,15
1,482	17,03	24,15
1,481	17,06	24,15
1,477	17,09	24,15
1,475	17,11	24,15
1,473	17,14	24,14
1,471	17,17	24,15
1,470	17,19	24,15
1,468	17,21	24,15
1,465	17,22	24,15
1,462	17,26	24,15
1,461	17,29	24,15
1,458	17,31	24,15
1,458	17,33	24,15
1,456	17,35	24,15
1,455	17,36	24,15
1,453	17,38	24,14
1,452	17,41	24,15
1,452	17,44	24,14
1,448	17,46	24,14
1,447	17,49	24,14
1,446	17,52	24,14
1,442	17,55	24,14
1,440	17,58	24,14
1,439	17,60	24,14
1,438	17,63	24,14
1,436	17,65	24,14
1,436	17,67	24,14
1,433	17,69	24,14
1,431	17,72	24,14
1,431	17,74	24,14
1,428	17,77	24,14
1,426	17,78	24,14
1,424	17,79	24,14
1,425	17,82	24,14
1,422	17,85	24,14
1,421	17,86	24,14
1,421	17,88	24,14
1,419	17,92	24,14
1,419	17,95	24,14
1,414	17,98	24,14
1,411	18,02	24,14
1,411	18,07	24,14
1,409	18,10	24,14
1,408	18,16	24,14
1,406	18,21	24,14
1,404	18,28	24,14
1,402	18,31	24,14
1,399	18,33	24,14
1,398	18,33	24,14
1,395	18,35	24,14
1,394	18,36	24,14
1,393	18,38	24,14
1,391	18,38	24,14
1,390	18,38	24,14
1,390	18,39	24,14
1,388	18,40	24,14
1,390	18,41	24,14
1,385	18,42	24,14
1,384	18,41	24,14
1,383	18,42	24,14
1,381	18,42	24,14
1,379	18,43	24,14
1,378	18,48	24,14
1,376	18,50	24,14
1,375	18,53	24,14
1,371	18,55	24,14
1,371	18,60	24,14
1,371	18,64	24,14
1,368	18,68	24,14
1,364	18,73	24,14
1,363	18,76	24,14
1,362	18,76	24,14
1,363	18,75	24,14
1,361	18,75	24,14
1,359	18,75	24,14
1,358	18,76	24,14
1,356	18,81	24,14
1,355	18,82	24,14
1,354	18,79	24,14
1,353	18,82	24,14
1,351	18,85	24,14
1,350	18,85	24,14
1,349	18,88	24,14
1,346	18,92	24,14
1,347	18,93	24,14
1,345	18,96	24,14
1,345	18,97	24,14
1,342	18,97	24,14
1,339	18,97	24,14
1,339	19,08	24,14
1,337	19,09	24,14
1,336	19,08	24,14
1,335	19,13	24,14
1,333	19,15	24,14
1,332	19,19	24,14
1,331	19,23	24,14
1,327	19,19	24,14
1,327	19,20	24,14
1,324	19,24	24,14
1,323	19,24	24,14
1,321	19,28	24,14
1,320	19,33	24,14
1,317	19,35	24,14
1,317	19,36	24,14
1,315	19,35	24,14
1,314	19,36	24,14
1,313	19,47	24,14
1,311	19,52	24,14
1,307	19,56	24,14
1,305	19,60	24,14
1,304	19,61	24,14
1,303	19,62	24,14
1,302	19,62	24,14
1,302	19,66	24,14
1,301	19,67	24,14
1,298	19,71	24,14
1,296	19,75	24,14
1,297	19,77	24,14
1,295	19,75	24,14
1,292	19,80	24,14
1,292	19,82	24,14
1,288	19,78	24,14
1,287	19,83	24,14
1,285	19,93	24,14
1,284	19,94	24,14
1,282	19,99	24,14
1,281	20,02	24,14
1,280	20,05	24,14
1,278	20,07	24,14
1,277	20,10	24,14
1,276	20,10	24,14
1,275	20,12	24,14
1,272	20,15	24,14
1,272	20,16	24,14
1,270	20,17	24,14
1,269	20,22	24,14
1,267	20,24	24,14
1,265	20,24	24,14
1,263	20,24	24,14
1,262	20,29	24,14
1,261	20,31	24,14
1,260	20,39	24,14
1,258	20,37	24,14
1,256	20,39	24,14
1,256	20,46	24,14
1,254	20,50	24,14
1,254	20,50	24,14
1,253	20,55	24,14
1,251	20,55	24,14
1,252	20,57	24,14
1,249	20,58	24,14
1,249	20,61	24,14
1,249	20,61	24,14
1,245	20,66	24,14
1,244	20,68	24,14
1,243	20,67	24,14
1,242	20,72	24,14
1,242	20,72	24,14
1,239	20,76	24,14
1,239	20,75	24,14
1,236	20,78	24,14
1,237	20,79	24,14
1,236	20,79	24,14
1,235	20,86	24,14
1,233	20,91	24,14
1,231	20,95	24,14
1,229	20,98	24,14
1,230	21,04	24,14
1,228	21,05	24,14
1,227	21,05	24,14
1,227	21,08	24,14
1,226	21,08	24,14
1,225	21,07	24,14
1,224	21,03	24,14
1,222	21,02	24,14
1,220	21,11	24,14
1,218	21,16	24,14
1,217	20,95	24,14
1,215	21,13	24,14
1,214	21,29	24,14
1,211	21,35	24,14
1,211	21,39	24,14
1,208	21,40	24,14
1,206	21,40	24,14
1,205	21,43	24,14
1,206	21,48	24,14
1,204	21,50	24,14
1,202	21,54	24,14
1,201	21,54	24,14
1,201	21,52	24,14
1,199	21,51	24,14
1,199	21,56	24,14
1,196	21,60	24,14
1,197	21,61	24,14
1,194	21,71	24,14
1,193	21,70	24,14
1,191	21,73	24,14
1,191	21,71	24,14
1,189	21,79	24,14
1,189	21,77	24,14
1,188	21,82	24,14
1,186	21,84	24,14
1,185	21,86	24,14
1,183	21,89	24,14
1,183	21,96	24,14
1,180	21,99	24,14
1,179	21,99	24,14
1,180	22,00	24,14
1,179	22,02	24,14
1,175	22,06	24,14
1,176	22,08	24,14
1,173	22,13	24,14
1,172	22,16	24,14
1,169	22,17	24,14
1,168	22,22	24,14
1,165	22,25	24,14
1,166	22,29	24,14
1,163	22,31	24,14
1,163	22,39	24,14
1,162	22,44	24,14
1,162	22,48	24,14
1,161	22,48	24,14
1,160	22,51	24,14
1,159	22,51	24,14
1,158	22,55	24,14
1,158	22,55	24,14
1,157	22,55	24,14
1,155	22,57	24,14
1,155	22,61	24,14
1,152	22,63	24,14
1,151	22,58	24,14
1,150	22,60	24,14
1,149	22,65	24,14
1,148	22,68	24,14
1,148	22,67	24,14
1,148	22,67	24,14
1,146	22,63	24,14
1,145	22,63	24,14
1,144	22,63	24,14
1,143	22,63	24,14
1,141	22,63	24,14
1,140	22,63	24,14
1,141	22,63	24,14
1,139	22,63	24,14
1,139	22,63	24,14
1,138	22,63	24,14
1,136	22,63	24,14
1,136	22,63	24,14
1,135	22,63	24,14
1,132	22,63	24,14
1,132	22,63	24,14
1,131	22,63	24,14
1,132	22,63	24,14
1,132	22,63	24,14
1,132	22,63	24,14
1,131	22,63	24,14
1,133	22,63	24,14
1,133	22,63	24,14
1,133	22,63	24,14
1,132	22,63	24,14
1,134	22,63	24,14
1,131	22,63	24,14
1,131	22,63	24,14
1,132	22,63	24,14
1,133	22,63	24,14
1,132	22,63	24,14
1,133	22,63	24,14
1,132	22,63	24,14
1,132	22,63	24,14
1,133	22,63	24,14
1,130	22,63	24,14
1,134	22,63	24,14
1,132	22,63	24,14
