1,131	22,63	24,14
1,132	22,63	24,14
1,131	22,63	24,14
1,133	22,63	24,14
1,132	22,63	24,14
1,131	22,63	24,14
1,131	22,63	24,14
1,129	22,63	24,14
1,132	22,63	24,14
1,132	22,63	24,14
1,132	22,63	24,14
1,132	22,63	24,14
1,132	22,63	24,14
1,132	22,63	24,14
1,131	22,63	24,14
1,133	22,63	24,14
1,132	22,63	24,14
1,133	22,63	24,14
1,132	22,63	24,14
1,131	22,63	24,14
1,132	22,63	24,14
1,132	22,63	24,14
1,132	22,63	24,14
1,131	22,63	24,14
1,133	22,63	24,14
1,133	22,63	24,14
1,131	22,63	24,14
1,134	22,63	24,14
1,134	22,63	24,14
1,134	22,63	24,14
1,133	22,63	24,14
1,135	22,63	24,14
1,134	22,63	24,14
1,133	22,63	24,14
1,134	22,63	24,14
1,136	22,63	24,14
1,133	22,63	24,14
1,133	22,63	24,14
1,134	22,63	24,14
1,135	22,63	24,14
1,136	22,63	24,14
1,135	22,63	24,14
1,136	22,63	24,14
1,137	22,63	24,14
1,138	22,63	24,14
1,137	22,63	24,14
1,136	22,63	24,14
1,137	22,63	24,14
1,136	22,63	24,14
1,139	22,63	24,14
1,139	22,63	24,14
1,138	22,63	24,14
1,138	22,67	24,14
1,138	22,67	24,14
1,139	22,67	24,14
1,141	22,67	24,14
1,138	22,67	24,14
1,141	22,65	24,14
1,141	22,65	24,14
1,143	22,64	24,14
1,142	22,65	24,14
1,145	22,65	24,14
1,144	22,67	24,14
1,143	22,65	24,14
1,145	22,65	24,14
1,145	22,63	24,14
1,145	22,59	24,14
1,147	22,61	24,14
1,147	22,59	24,14
1,147	22,57	24,14
1,149	22,55	24,14
1,150	22,54	24,14
1,149	22,55	24,14
1,150	22,54	24,14
1,152	22,51	24,14
1,153	22,50	24,14
1,153	22,49	24,14
1,153	22,48	24,14
1,153	22,42	24,14
1,155	22,41	24,14
1,155	22,42	24,14
1,154	22,42	24,14
1,156	22,40	24,14
1,155	22,38	24,14
1,157	22,36	24,14
1,157	22,34	24,14
1,157	22,31	24,14
1,158	22,29	24,14
1,159	22,28	24,14
1,159	22,27	24,14
1,161	22,27	24,14
1,163	22,29	24,14
1,161	22,30	24,14
1,163	22,30	24,14
1,163	22,27	24,14
1,163	22,26	24,14
1,162	22,24	24,14
1,164	22,23	24,14
1,165	22,20	24,14
1,165	22,23	24,14
1,168	22,24	24,14
1,169	22,21	24,14
1,167	22,19	24,14
1,170	22,17	24,14
1,169	22,12	24,14
1,171	22,07	24,14
1,172	22,05	24,14
1,173	22,02	24,14
1,173	21,99	24,14
1,175	21,98	24,14
1,174	21,93	24,14
1,175	21,92	24,14
1,178	21,93	24,14
1,176	21,90	24,14
1,176	21,90	24,14
1,177	21,87	24,14
1,178	21,84	24,14
1,178	21,83	24,14
1,183	21,76	24,14
1,180	21,64	24,14
1,182	21,65	24,14
1,182	21,71	24,14
1,183	21,79	24,14
1,183	21,78	24,14
1,183	21,77	24,14
1,184	21,73	24,14
1,186	21,75	24,14
1,185	21,74	24,14
1,185	21,73	24,14
1,188	21,73	24,14
1,188	21,71	24,14
1,189	21,71	24,14
1,189	21,69	24,14
1,190	21,65	24,14
1,191	21,69	24,14
1,192	21,64	24,14
1,194	21,64	24,14
1,194	21,60	24,14
1,193	21,59	24,14
1,195	21,58	24,14
1,196	21,56	24,14
1,197	21,52	24,14
1,197	21,50	24,14
1,197	21,50	24,14
1,197	21,46	24,14
1,198	21,47	24,14
1,200	21,42	24,14
1,200	21,40	24,14
1,200	21,40	24,14
1,202	21,39	24,14
1,202	21,41	24,14
1,201	21,36	24,14
1,204	21,36	24,14
1,204	21,34	24,14
1,206	21,34	24,14
1,207	21,33	24,14
1,206	21,31	24,14
1,206	21,29	24,14
1,208	21,28	24,14
1,207	21,24	24,14
1,207	21,24	24,14
1,209	21,25	24,14
1,209	21,27	24,14
1,210	21,29	24,14
1,210	21,29	24,14
1,212	21,29	24,14
1,210	21,25	24,14
1,213	21,23	24,14
1,211	21,21	24,14
1,213	21,19	24,14
1,213	21,21	24,14
1,215	21,19	24,14
1,215	21,16	24,14
1,215	21,18	24,14
1,216	21,16	24,14
1,217	21,13	24,14
1,216	21,12	24,14
1,219	21,08	24,14
1,218	21,04	24,14
1,220	21,05	24,14
1,220	21,04	24,14
1,222	21,05	24,14
1,222	20,98	24,14
1,224	20,93	24,14
1,223	20,95	24,14
1,224	20,96	24,14
1,223	20,94	24,14
1,225	20,93	24,14
1,225	20,94	24,14
1,226	20,87	24,14
1,228	20,87	24,14
1,228	20,86	24,14
1,228	20,87	24,14
1,227	20,83	24,14
1,228	20,82	24,14
1,230	20,85	24,14
1,231	20,81	24,14
1,232	20,80	24,14
1,232	20,81	24,14
1,232	20,80	24,14
1,233	20,81	24,14
1,233	20,80	24,14
1,234	20,81	24,14
1,234	20,80	24,14
1,235	20,78	24,14
1,235	20,73	24,14
1,236	20,72	24,14
1,240	20,70	24,14
1,239	20,69	24,14
1,239	20,68	24,14
1,237	20,69	24,14
1,239	20,70	24,14
1,240	20,67	24,14
1,241	20,60	24,14
1,242	20,59	24,14
1,242	20,54	24,14
1,242	20,51	24,14
1,243	20,50	24,14
1,245	20,49	24,14
1,245	20,47	24,14
1,246	20,44	24,14
1,246	20,45	24,14
1,249	20,47	24,14
1,247	20,46	24,14
1,247	20,47	24,14
1,250	20,46	24,14
1,248	20,44	24,14
1,249	20,45	24,14
1,251	20,42	24,14
1,252	20,39	24,14
1,251	20,39	24,14
1,252	20,36	24,14
1,253	20,36	24,14
1,254	20,32	24,14
1,253	20,31	24,14
1,256	20,28	24,14
1,257	20,28	24,14
1,258	20,31	24,14
1,260	20,27	24,14
1,260	20,25	24,14
1,261	20,26	24,14
1,262	20,25	24,14
1,263	20,21	24,14
1,262	20,19	24,14
1,265	20,17	24,14
1,266	20,17	24,14
1,265	20,14	24,14
1,267	20,10	24,14
1,268	20,09	24,14
1,267	20,07	24,14
1,270	20,06	24,14
1,271	20,04	24,14
1,271	20,05	24,14
1,273	20,03	24,14
1,274	20,02	24,14
1,273	20,02	24,14
1,275	19,99	24,14
1,274	19,99	24,14
1,276	19,98	24,14
1,278	19,98	24,14
1,277	19,95	24,14
1,277	19,92	24,14
1,280	19,91	24,14
1,279	19,89	24,14
1,282	19,89	24,14
1,281	19,86	24,14
1,283	19,84	24,14
1,284	19,84	24,14
1,285	19,83	24,14
1,285	19,81	24,14
1,287	19,80	24,14
1,287	19,80	24,14
1,287	19,77	24,14
1,289	19,77	24,14
1,291	19,75	24,14
1,291	19,75	24,14
1,291	19,70	24,14
1,292	19,69	24,14
1,297	19,63	24,14
1,297	19,61	24,14
1,296	19,59	24,14
1,298	19,59	24,14
1,301	19,52	24,14
1,303	19,53	24,14
1,301	19,52	24,14
1,302	19,49	24,14
1,303	19,47	24,14
1,304	19,40	24,14
1,306	19,38	24,14
1,308	19,39	24,14
1,308	19,40	24,14
1,309	19,38	24,14
1,310	19,40	24,14
1,311	19,35	24,14
1,312	19,31	24,14
1,312	19,31	24,14
1,314	19,32	24,14
1,316	19,28	24,14
1,317	19,26	24,14
1,317	19,23	24,14
1,319	19,22	24,14
1,321	19,18	24,14
1,324	19,12	24,14
1,325	19,12	24,14
1,326	19,13	24,14
1,327	19,10	24,14
1,328	19,06	24,14
1,334	19,03	24,14
1,332	19,02	24,14
1,334	18,98	24,14
1,336	18,94	24,14
1,335	18,94	24,14
1,337	18,93	24,14
1,337	18,96	24,14
1,337	18,95	24,14
1,339	18,92	24,14
1,342	18,89	24,14
1,343	18,90	24,14
1,344	18,88	24,14
1,345	18,88	24,14
1,346	18,84	24,14
1,348	18,83	24,14
1,349	18,79	24,14
1,350	18,76	24,14
1,355	18,74	24,14
1,355	18,71	24,14
1,356	18,64	24,14
1,359	18,63	24,14
1,359	18,62	24,14
1,360	18,58	24,14
1,362	18,57	24,14
1,365	18,55	24,14
1,365	18,51	24,14
1,364	18,43	24,14
1,370	18,48	24,14
1,370	18,48	24,14
1,368	18,45	24,14
1,372	18,42	24,14
1,371	18,42	24,14
1,375	18,41	24,14
1,376	18,41	24,14
1,378	18,39	24,14
1,379	18,39	24,14
1,380	18,39	24,14
1,382	18,38	24,14
1,383	18,37	24,14
1,383	18,37	24,14
1,385	18,36	24,14
1,388	18,33	24,14
1,389	18,31	24,14
1,390	18,30	24,14
1,392	18,28	24,14
1,392	18,24	24,14
1,393	18,19	24,14
1,396	18,16	24,14
1,398	18,09	24,14
1,400	18,05	24,14
1,402	18,03	24,14
1,405	18,01	24,14
1,408	18,00	24,14
1,406	17,96	24,14
1,408	17,94	24,14
1,410	17,92	24,14
1,410	17,87	24,14
1,412	17,84	24,14
1,415	17,80	24,14
1,418	17,77	24,14
1,419	17,74	24,14
1,420	17,72	24,14
1,422	17,69	24,14
1,423	17,67	24,14
1,425	17,65	24,14
1,428	17,64	24,14
1,428	17,62	24,14
1,430	17,59	24,14
1,432	17,57	24,14
1,434	17,56	24,14
1,435	17,54	24,14
1,437	17,52	24,14
1,437	17,50	24,14
1,439	17,49	24,14
1,441	17,47	24,14
1,442	17,45	24,14
1,443	17,42	24,14
1,443	17,40	24,14
1,447	17,38	24,14
1,448	17,34	24,14
1,451	17,32	24,14
1,452	17,29	24,14
1,453	17,25	24,14
1,456	17,23	24,14
1,460	17,20	24,14
1,460	17,18	24,14
1,461	17,18	24,14
1,459	17,18	24,14
1,463	17,15	24,14
1,464	17,13	24,14
1,467	17,11	24,14
1,471	17,08	24,14
1,470	17,07	24,14
1,471	17,06	24,14
1,472	17,05	24,14
1,474	17,03	24,14
1,475	17,02	24,14
1,477	16,99	24,14
1,478	16,97	24,14
1,480	16,94	24,14
1,482	16,91	24,14
1,485	16,87	24,14
1,487	16,84	24,14
1,488	16,81	24,14
1,491	16,80	24,14
1,492	16,76	24,14
1,496	16,74	24,14
1,498	16,71	24,14
1,499	16,69	24,14
1,503	16,68	24,14
1,503	16,66	24,14
1,504	16,65	24,14
1,504	16,63	24,14
1,509	16,60	24,14
1,508	16,56	24,14
1,514	16,53	24,14
1,515	16,51	24,14
1,516	16,48	24,14
1,519	16,45	24,14
1,521	16,42	24,14
1,523	16,39	24,14
1,527	16,36	24,14
1,528	16,33	24,14
1,532	16,31	24,14
1,531	16,28	24,14
1,532	16,27	24,14
1,534	16,25	24,14
1,533	16,24	24,14
1,538	16,19	24,14
1,542	16,17	24,14
1,544	16,14	24,14
1,549	16,12	24,14
1,550	16,07	24,14
1,553	16,05	24,14
1,558	16,04	24,14
1,555	16,02	24,14
1,557	16,00	24,14
1,560	15,95	24,14
1,565	15,91	24,14
1,569	15,88	24,14
1,570	15,85	24,14
1,571	15,83	24,14
1,572	15,83	24,14
1,574	15,81	24,14
1,577	15,79	24,14
1,576	15,76	24,14
1,578	15,75	24,14
1,581	15,73	24,14
1,583	15,71	24,14
1,587	15,68	24,14
1,589	15,66	24,14
1,593	15,64	24,14
1,595	15,62	24,14
1,599	15,59	24,14
1,598	15,54	24,14
1,603	15,51	24,14
1,604	15,47	24,14
1,608	15,44	24,14
1,608	15,40	24,14
1,612	15,37	24,14
1,613	15,35	24,14
1,617	15,34	24,14
1,617	15,33	24,14
1,618	15,31	24,14
1,619	15,30	24,14
1,621	15,28	24,14
1,624	15,25	24,14
1,625	15,23	24,14
1,629	15,20	24,14
1,631	15,17	24,14
1,633	15,14	24,14
1,637	15,12	24,14
1,640	15,09	24,14
1,643	15,05	24,14
1,646	15,02	24,14
1,648	14,98	24,14
1,652	14,95	24,14
1,657	14,91	24,14
1,657	14,89	24,14
1,659	14,87	24,14
1,660	14,84	24,14
1,662	14,82	24,14
1,667	14,81	24,14
1,669	14,78	24,14
1,672	14,75	24,14
1,676	14,72	24,14
1,676	14,69	24,14
1,679	14,67	24,14
1,685	14,64	24,14
1,686	14,61	24,14
1,689	14,57	24,14
1,694	14,52	24,14
1,695	14,48	24,14
1,699	14,46	24,14
1,702	14,43	24,14
1,704	14,42	24,14
1,705	14,40	24,14
1,707	14,40	24,14
1,708	14,37	24,14
1,713	14,32	24,14
1,717	14,28	24,14
1,722	14,24	24,14
1,725	14,21	24,14
1,730	14,19	24,14
1,733	14,17	24,14
1,733	14,14	24,14
1,737	14,12	24,14
1,741	14,09	24,14
1,742	14,06	24,14
1,743	14,05	24,14
1,746	14,03	24,14
1,748	14,00	24,14
1,747	13,99	24,14
1,753	13,98	24,14
1,752	13,96	24,14
1,758	13,91	24,14
1,762	13,87	24,14
1,770	13,82	24,14
1,774	13,79	24,14
1,777	13,77	24,14
1,778	13,73	24,14
1,782	13,70	24,14
1,788	13,67	24,14
1,791	13,62	24,14
1,796	13,57	24,14
1,797	13,55	24,14
1,803	13,52	24,14
1,806	13,49	24,14
1,809	13,47	24,14
1,813	13,44	24,14
1,817	13,42	24,14
1,818	13,39	24,14
1,824	13,38	24,14
1,827	13,35	24,14
1,830	13,31	24,14
1,833	13,29	24,14
1,835	13,25	24,14
1,838	13,22	24,14
1,842	13,19	24,14
1,845	13,15	24,14
1,847	13,11	24,14
1,851	13,07	24,14
1,859	13,04	24,14
1,863	13,01	24,14
1,865	12,99	24,14
1,865	12,98	24,14
1,869	12,98	24,14
1,870	12,96	24,14
1,874	12,91	24,14
1,876	12,88	24,14
1,883	12,86	24,14
1,885	12,82	24,14
1,891	12,80	24,14
1,893	12,79	24,14
1,896	12,75	24,14
1,902	12,70	24,14
1,906	12,66	24,14
1,913	12,60	24,14
1,917	12,57	24,14
1,920	12,56	24,14
1,922	12,53	24,14
1,925	12,50	24,14
1,930	12,48	24,14
1,933	12,47	24,14
1,936	12,44	24,14
1,938	12,41	24,14
1,940	12,41	24,14
1,943	12,39	24,14
1,946	12,36	24,13
1,950	12,34	24,14
1,955	12,32	24,13
1,956	12,28	24,13
1,961	12,25	24,14
1,963	12,22	24,14
1,968	12,20	24,13
1,973	12,15	24,13
1,977	12,12	24,13
1,983	12,08	24,13
1,983	12,07	24,14
1,987	12,06	24,13
1,990	12,03	24,13
1,994	12,01	24,13
1,996	11,99	24,13
1,999	11,96	24,13
2,002	11,95	24,13
2,006	11,94	24,13
2,009	11,91	24,13
2,014	11,88	24,13
2,018	11,85	24,13
2,021	11,83	24,13
2,027	11,80	24,13
2,031	11,77	24,13
2,036	11,74	24,13
2,041	11,68	24,13
2,044	11,65	24,13
2,050	11,62	24,13
2,055	11,59	24,13
2,059	11,58	24,13
2,060	11,56	24,13
2,064	11,55	24,13
2,069	11,52	24,13
2,072	11,51	24,13
2,074	11,49	24,13
2,078	11,47	24,13
2,082	11,44	24,13
2,087	11,42	24,13
2,090	11,40	24,13
2,094	11,39	24,13
2,096	11,37	24,13
2,100	11,34	24,13
2,105	11,32	24,13
2,110	11,26	24,13
2,116	11,23	24,13
2,118	11,21	24,13
2,124	11,16	24,13
2,125	11,13	24,13
2,133	11,11	24,13
2,135	11,10	24,13
2,141	11,08	24,13
2,141	11,06	24,13
2,147	11,04	24,13
2,151	11,02	24,13
2,158	10,99	24,13
2,159	10,96	24,13
2,164	10,93	24,13
2,170	10,91	24,13
2,174	10,87	24,13
2,179	10,83	24,13
2,181	10,80	24,13
2,188	10,78	24,13
2,191	10,76	24,13
2,195	10,74	24,13
2,200	10,70	24,13
2,203	10,70	24,13
2,207	10,68	24,13
2,211	10,65	24,13
2,211	10,62	24,13
2,217	10,61	24,13
2,220	10,60	24,13
2,227	10,58	24,13
2,229	10,55	24,13
2,232	10,53	24,13
2,236	10,52	24,13
2,245	10,49	24,13
2,246	10,43	24,13
2,253	10,40	24,13
2,258	10,36	24,13
2,264	10,33	24,13
2,270	10,29	24,13
2,278	10,28	24,13
2,281	10,25	24,13
2,286	10,22	24,13
2,290	10,20	24,13
2,296	10,16	24,13
2,301	10,14	24,13
2,306	10,13	24,13
2,309	10,10	24,13
2,314	10,08	24,13
2,320	10,05	24,13
2,323	10,03	24,13
2,327	10,01	24,13
2,331	9,99	24,13
2,337	9,95	24,13
2,341	9,91	24,13
2,345	9,86	24,13
2,351	9,82	24,13
2,356	9,77	24,13
2,362	9,73	24,13
2,370	9,66	24,13
2,375	9,62	24,13
2,379	9,59	24,13
2,386	9,57	24,13
2,389	9,57	24,13
2,397	9,55	24,13
2,402	9,54	24,13
2,407	9,54	24,13
2,414	9,52	24,13
2,420	9,52	24,13
2,424	9,51	24,13
2,429	9,50	24,13
2,432	9,50	24,13
2,437	9,49	24,13
2,443	9,48	24,13
2,450	9,43	24,13
2,458	9,42	24,13
2,463	9,33	24,13
2,470	9,33	24,13
2,473	9,28	24,13
2,478	9,32	24,13
2,482	9,27	24,13
2,489	9,27	24,13
2,492	9,24	24,13
2,496	9,22	24,13
2,500	9,21	24,13
2,503	9,21	24,13
2,507	9,21	24,13
2,513	9,17	24,13
2,519	9,15	24,13
2,526	9,15	24,13
2,532	9,15	24,13
2,539	9,11	24,13
2,544	9,11	24,13
2,552	9,05	24,13
2,558	9,01	24,13
2,564	9,01	24,13
2,573	8,96	24,13
2,579	8,95	24,13
2,583	8,96	24,13
2,585	8,96	24,13
2,589	8,96	24,13
2,594	8,92	24,13
2,601	8,85	24,13
2,609	8,82	24,13
2,615	8,78	24,13
2,618	8,78	24,13
2,623	8,76	24,13
2,630	8,79	24,13
2,638	8,74	24,13
2,644	8,57	24,13
2,652	8,60	24,13
2,658	8,57	24,13
2,671	8,55	24,13
2,678	8,52	24,13
2,687	8,45	24,13
2,691	8,49	24,13
2,696	8,44	24,13
2,706	8,44	24,13
2,716	8,39	24,13
2,723	8,29	24,13
2,731	8,29	24,13
2,741	8,27	24,13
2,747	8,27	24,13
2,756	8,21	24,13
2,764	8,23	24,13
2,767	8,22	24,13
2,773	8,18	24,13
2,780	8,11	24,13
2,790	8,09	24,13
2,803	8,04	24,13
2,817	7,98	24,13
2,823	7,98	24,13
2,833	7,90	24,13
2,842	7,92	24,13
2,847	7,90	24,13
2,856	7,86	24,13
2,868	7,85	24,13
2,880	7,82	24,13
2,891	7,76	24,13
2,901	7,71	24,13
2,905	7,70	24,13
2,913	7,72	24,13
2,921	7,68	24,13
2,931	7,62	24,13
2,941	7,60	24,13
2,951	7,53	24,13
2,962	7,51	24,13
2,969	7,50	24,13
2,979	7,45	24,13
2,993	7,47	24,13
3,002	7,39	24,13
3,012	7,44	24,13
3,016	7,35	24,13
3,017	7,39	24,13
3,021	7,36	24,13
3,029	7,35	24,13
3,036	7,32	24,13
3,043	7,32	24,13
3,049	7,28	24,13
3,055	7,28	24,13
3,063	7,28	24,13
3,071	7,25	24,13
3,077	7,23	24,13
3,088	7,20	24,13
3,097	7,13	24,13
3,107	7,21	24,13
3,112	7,15	24,13
3,119	7,05	24,13
3,125	6,98	24,13
3,135	6,99	24,13
3,145	7,05	24,13
3,153	6,90	24,13
3,162	6,94	24,13
3,166	6,94	24,13
3,174	6,96	24,13
3,182	6,85	24,13
3,190	6,80	24,13
3,197	6,85	24,13
3,197	6,86	24,13
3,198	6,82	24,13
3,197	6,84	24,13
3,198	6,88	24,13
3,197	6,87	24,13
3,197	6,88	24,13
3,202	6,79	24,13
3,212	6,79	24,13
3,221	6,66	24,13
3,228	6,65	24,13
3,232	6,69	24,13
3,231	6,68	24,13
3,232	6,65	24,13
3,235	6,66	24,13
3,246	6,63	24,13
3,261	6,57	24,13
3,272	6,59	24,13
3,284	6,54	24,13
3,296	6,49	24,13
3,308	6,47	24,13
3,320	6,45	24,13
3,333	6,40	24,13
3,345	6,37	24,13
3,354	6,33	24,13
3,357	6,37	24,13
3,356	6,34	24,13
3,358	6,32	24,13
3,375	6,32	24,13
3,388	6,25	24,13
3,401	6,21	24,13
3,412	6,20	24,13
3,427	6,14	24,13
3,444	6,10	24,13
3,455	6,11	24,13
3,466	6,10	24,13
3,472	6,07	24,13
3,478	6,03	24,13
3,498	6,01	24,13
3,508	5,98	24,13
3,514	5,97	24,13
3,524	5,91	24,13
3,530	5,90	24,13
3,542	5,88	24,13
3,555	5,86	24,13
3,571	5,85	24,13
3,578	5,85	24,13
3,591	5,80	24,13
3,600	5,81	24,13
3,613	5,75	24,13
3,624	5,74	24,13
3,635	5,71	24,13
3,649	5,68	24,13
3,660	5,64	24,13
3,668	5,63	24,13
3,677	5,57	24,13
3,686	5,58	24,13
3,716	5,52	24,13
3,737	5,39	24,13
3,753	5,31	24,13
3,767	5,35	24,13
3,778	5,35	24,13
3,789	5,41	24,13
3,804	5,36	24,13
3,815	5,32	24,13
3,823	5,34	24,13
3,830	5,27	24,13
3,845	5,19	24,13
3,861	5,22	24,13
3,876	5,26	24,13
3,890	5,26	24,13
3,905	5,27	24,13
3,918	5,26	24,13
3,929	5,10	24,13
3,934	5,21	24,13
3,934	5,22	24,13
3,936	5,14	24,13
3,926	5,21	24,13
3,911	5,18	24,13
3,892	5,25	24,13
3,872	5,27	24,13
3,846	5,50	24,13
3,814	5,35	24,13
3,788	5,48	24,13
3,766	5,53	24,13
3,748	5,54	24,13
3,724	5,45	24,13
3,705	5,59	24,13
3,679	5,70	24,13
3,657	5,71	24,13
3,641	5,71	24,13
3,629	5,78	24,13
3,611	5,80	24,13
3,585	5,82	24,13
3,566	5,84	24,13
3,550	5,90	24,13
3,534	5,88	24,13
3,515	5,98	24,13
3,501	6,02	24,13
3,484	6,07	24,13
3,469	6,07	24,13
3,453	6,10	24,13
3,433	6,13	24,13
3,419	6,15	24,13
3,408	6,19	24,13
3,393	6,16	24,13
3,376	6,30	24,13
3,359	6,36	24,13
3,340	6,38	24,13
3,320	6,43	24,13
3,303	6,58	24,13
3,284	6,66	24,13
3,267	6,63	24,13
3,257	6,64	24,13
3,247	6,65	24,13
3,238	6,63	24,13
3,226	6,74	24,13
3,210	6,81	24,13
3,193	6,76	24,13
3,176	6,80	24,13
3,161	6,91	24,13
3,145	7,03	24,13
3,123	7,11	24,13
3,113	7,20	24,13
3,097	7,13	24,13
3,082	7,24	24,13
3,070	7,26	24,13
3,057	7,34	24,13
3,047	7,24	24,13
3,034	7,25	24,13
3,024	7,36	24,13
3,011	7,46	24,13
2,993	7,48	24,13
2,980	7,55	24,13
2,963	7,47	24,13
2,946	7,60	24,13
2,934	7,63	24,13
2,925	7,62	24,13
2,915	7,75	24,13
2,902	7,80	24,13
2,888	7,82	24,13
2,873	7,84	24,13
2,861	7,93	24,13
2,847	8,00	24,13
2,843	7,91	24,13
2,839	7,94	24,13
2,832	7,94	24,13
2,823	7,97	24,13
2,813	8,13	24,13
2,802	8,13	24,13
2,792	8,10	24,13
2,781	8,17	24,13
2,769	8,28	24,13
2,759	8,20	24,13
2,747	8,26	24,13
2,738	8,35	24,13
2,729	8,39	24,13
2,722	8,36	24,13
2,713	8,39	24,13
2,706	8,32	24,13
2,701	8,50	24,13
2,693	8,39	24,13
2,688	8,41	24,13
2,681	8,52	24,13
2,674	8,54	24,13
2,668	8,46	24,13
2,662	8,66	24,13
2,656	8,48	24,13
2,652	8,60	24,13
2,643	8,68	24,13
2,634	8,76	24,13
2,626	8,74	24,13
2,615	8,81	24,13
2,606	8,85	24,13
2,600	8,95	24,13
2,592	8,97	24,13
2,587	9,03	24,13
2,580	8,99	24,13
2,577	8,93	24,13
2,569	8,95	24,13
2,562	9,07	24,13
2,555	9,07	24,13
2,546	9,04	24,13
2,539	9,07	24,13
2,531	9,16	24,13
2,519	9,09	24,13
2,514	9,16	24,13
2,506	9,15	24,13
2,499	9,17	24,13
2,494	9,25	24,13
2,488	9,24	24,13
2,481	9,29	24,13
2,472	9,30	24,13
2,467	9,33	24,13
2,465	9,40	24,13
2,455	9,43	24,13
2,448	9,42	24,13
2,441	9,45	24,13
2,434	9,49	24,13
2,426	9,50	24,13
2,416	9,51	24,13
2,408	9,53	24,13
2,397	9,55	24,13
2,387	9,56	24,13
2,379	9,59	24,13
2,371	9,64	24,13
2,363	9,66	24,13
2,357	9,75	24,13
2,351	9,81	24,13
2,345	9,82	24,13
2,343	9,85	24,13
2,339	9,87	24,13
2,335	9,90	24,13
2,330	9,96	24,13
2,324	9,99	24,13
2,316	10,03	24,13
2,311	10,07	24,13
2,304	10,11	24,13
2,297	10,15	24,13
2,289	10,19	24,13
2,282	10,25	24,13
2,275	10,28	24,13
2,266	10,33	24,13
2,259	10,37	24,13
2,253	10,39	24,13
2,246	10,43	24,13
2,241	10,46	24,13
2,234	10,50	24,13
2,227	10,53	24,13
2,219	10,58	24,13
2,212	10,62	24,13
2,208	10,68	24,13
2,199	10,71	24,13
2,192	10,75	24,13
2,186	10,79	24,13
2,179	10,82	24,13
2,171	10,87	24,13
2,164	10,90	24,13
2,156	10,95	24,13
2,152	10,97	24,13
2,145	11,00	24,13
2,141	11,04	24,13
2,138	11,07	24,13
2,133	11,11	24,13
2,127	11,15	24,13
2,121	11,19	24,13
2,115	11,23	24,13
2,109	11,27	24,13
2,104	11,31	24,13
2,097	11,35	24,13
2,092	11,40	24,13
2,084	11,43	24,13
2,077	11,47	24,13
2,072	11,50	24,13
2,068	11,53	24,13
2,061	11,55	24,13
2,059	11,58	24,13
2,052	11,61	24,13
2,048	11,65	24,13
2,044	11,68	24,13
2,040	11,72	24,13
2,036	11,74	24,13
2,030	11,78	24,13
2,024	11,81	24,13
2,017	11,84	24,13
2,012	11,88	24,13
2,007	11,93	24,13
2,000	11,99	24,13
1,994	12,04	24,13
1,986	12,07	24,13
1,982	12,14	24,13
1,975	12,16	24,13
1,972	12,19	24,13
1,968	12,22	24,13
1,961	12,25	24,13
1,957	12,29	24,13
1,947	12,34	24,13
1,940	12,40	24,13
1,934	12,47	24,13
1,924	12,56	24,13
1,919	12,60	24,13
1,914	12,66	24,13
1,909	12,68	24,13
1,903	12,70	24,13
1,900	12,72	24,13
1,894	12,76	24,13
1,889	12,80	24,13
1,886	12,82	24,13
1,880	12,87	24,13
1,876	12,91	24,13
1,874	12,95	24,13
1,869	12,96	24,13
1,866	13,03	24,13
1,863	13,06	24,13
1,858	13,10	24,13
1,853	13,14	24,13
1,851	13,16	24,13
1,846	13,17	24,13
1,842	13,20	24,13
1,838	13,22	24,13
1,834	13,26	24,13
1,831	13,29	24,13
1,828	13,32	24,13
1,826	13,36	24,13
1,820	13,39	24,13
1,819	13,43	24,13
1,815	13,47	24,13
1,813	13,51	24,13
1,807	13,54	24,13
1,802	13,56	24,13
1,798	13,61	24,13
1,792	13,64	24,13
1,789	13,66	24,13
1,784	13,70	24,13
1,780	13,75	24,13
1,776	13,78	24,13
1,772	13,82	24,13
1,767	13,85	24,13
1,766	13,88	24,13
1,762	13,92	24,13
1,759	13,96	24,13
1,755	13,99	24,13
1,752	14,02	24,13
1,747	14,04	24,13
1,743	14,07	24,13
1,740	14,10	24,13
1,737	14,14	24,13
1,734	14,17	24,13
1,727	14,21	24,13
1,724	14,27	24,13
1,718	14,31	24,13
1,716	14,36	24,13
1,710	14,41	24,13
1,705	14,44	24,13
1,705	14,47	24,13
1,700	14,50	24,13
1,696	14,52	24,13
1,693	14,56	24,13
1,689	14,59	24,13
1,686	14,62	24,13
1,683	14,66	24,13
1,679	14,68	24,13
1,677	14,70	24,13
1,675	14,75	24,13
1,671	14,81	24,13
1,668	14,84	24,13
1,664	14,89	24,13
1,661	14,92	24,13
1,656	14,95	24,13
1,653	14,97	24,13
1,650	15,01	24,13
1,647	15,03	24,13
1,642	15,06	24,13
1,639	15,10	24,13
1,635	15,13	24,13
1,635	15,14	24,13
1,635	15,14	24,13
1,634	15,13	24,13
1,632	15,17	24,13
1,631	15,21	24,13
1,628	15,24	24,13
1,626	15,30	24,13
1,623	15,33	24,13
1,620	15,36	24,13
1,616	15,39	24,13
1,613	15,41	24,13
1,609	15,49	24,13
1,603	15,51	24,13
1,601	15,55	24,13
1,597	15,62	24,13
1,592	15,67	24,13
1,588	15,72	24,13
1,583	15,76	24,13
1,580	15,79	24,13
1,577	15,82	24,13
1,575	15,85	24,13
1,572	15,88	24,13
1,566	15,90	24,13
1,563	15,95	24,13
1,561	16,00	24,13
1,555	16,04	24,13
1,551	16,09	24,13
1,545	16,15	24,13
1,543	16,20	24,13
1,538	16,24	24,13
1,537	16,27	24,13
1,534	16,29	24,13
1,531	16,33	24,13
1,529	16,37	24,13
1,526	16,41	24,13
1,521	16,46	24,13
1,517	16,51	24,13
1,511	16,57	24,13
1,507	16,64	24,13
1,505	16,68	24,13
1,501	16,73	24,13
1,497	16,77	24,13
1,494	16,81	24,13
1,492	16,84	24,13
1,488	16,89	24,13
1,486	16,93	24,13
1,483	16,98	24,13
1,478	17,01	24,13
1,477	17,06	24,13
1,474	17,10	24,13
1,468	17,13	24,13
1,467	17,18	24,13
1,463	17,23	24,13
1,461	17,28	24,13
1,457	17,31	24,13
1,454	17,34	24,13
1,451	17,36	24,13
1,450	17,40	24,13
1,446	17,45	24,13
1,443	17,49	24,13
1,441	17,53	24,13
1,439	17,56	24,13
1,436	17,60	24,13
1,433	17,64	24,13
1,430	17,68	24,13
1,428	17,72	24,13
1,426	17,75	24,13
1,425	17,76	24,13
1,427	17,76	24,13
1,425	17,78	24,13
1,422	17,81	24,13
1,419	17,83	24,13
1,417	17,89	24,13
1,414	17,92	24,13
1,413	17,97	24,13
1,409	18,05	24,13
1,407	18,15	24,13
1,404	18,26	24,13
1,401	18,32	24,13
1,396	18,35	24,13
1,394	18,37	24,13
1,394	18,37	24,13
1,393	18,36	24,13
1,389	18,37	24,13
1,387	18,39	24,13
1,382	18,40	24,13
1,380	18,42	24,13
1,375	18,47	24,13
1,371	18,51	24,13
1,368	18,58	24,13
1,363	18,70	24,13
1,362	18,76	24,13
1,358	18,75	24,13
1,356	18,76	24,13
1,352	18,82	24,13
1,351	18,84	24,13
1,348	18,87	24,13
1,343	18,93	24,13
1,340	18,98	24,13
1,337	19,03	24,13
1,333	19,09	24,13
1,331	19,16	24,13
1,330	19,17	24,13
1,327	19,19	24,13
1,325	19,22	24,13
1,322	19,26	24,13
1,319	19,28	24,13
1,317	19,35	24,13
1,313	19,36	24,13
1,310	19,46	24,13
1,308	19,54	24,13
1,304	19,60	24,13
1,303	19,62	24,13
1,298	19,67	24,13
1,296	19,71	24,13
1,293	19,75	24,13
1,293	19,77	24,13
1,289	19,83	24,13
1,285	19,95	24,13
1,281	19,96	24,13
1,280	20,01	24,13
1,279	20,04	24,13
1,274	20,07	24,13
1,273	20,14	24,13
1,269	20,18	24,13
1,266	20,23	24,13
1,264	20,26	24,13
1,259	20,29	24,13
1,255	20,37	24,13
1,255	20,40	24,13
1,253	20,48	24,13
1,249	20,58	24,13
1,250	20,60	24,13
1,245	20,65	24,13
1,244	20,67	24,13
1,244	20,68	24,13
1,240	20,78	24,13
1,240	20,77	24,13
1,237	20,77	24,13
1,233	20,90	24,13
1,231	20,98	24,13
1,227	21,04	24,13
1,226	21,07	24,13
1,222	21,12	24,13
1,220	21,12	24,13
1,218	21,19	24,13
1,215	21,16	24,13
1,212	21,26	24,13
1,207	21,35	24,13
1,207	21,40	24,13
1,204	21,53	24,13
1,200	21,55	24,13
1,196	21,60	24,13
1,195	21,64	24,13
1,191	21,71	24,13
1,187	21,78	24,13
1,186	21,87	24,13
1,182	21,92	24,13
1,180	22,00	24,13
1,177	22,00	24,13
1,178	22,01	24,13
1,176	22,09	24,13
1,172	22,11	24,13
1,173	22,14	24,13
1,171	22,15	24,13
1,170	22,18	24,13
1,168	22,23	24,13
1,166	22,27	24,13
1,165	22,30	24,13
1,165	22,33	24,13
1,165	22,38	24,13
1,162	22,46	24,13
1,160	22,49	24,13
1,160	22,53	24,13
1,157	22,54	24,13
1,156	22,55	24,13
1,155	22,58	24,13
1,153	22,63	24,13
1,153	22,63	24,13
1,151	22,59	24,13
1,149	22,64	24,13
1,148	22,64	24,13
1,145	22,66	24,13
1,145	22,65	24,13
1,142	22,65	24,13
1,141	22,65	24,13
1,140	22,65	24,13
1,139	22,65	24,13
1,136	22,65	24,13
1,132	22,65	24,13
1,133	22,65	24,13
1,131	22,65	24,13
1,132	22,65	24,13
1,131	22,65	24,13
1,133	22,65	24,13
1,131	22,65	24,13
1,130	22,65	24,13
1,131	22,65	24,13
1,132	22,65	24,13
1,132	22,65	24,13
1,132	22,65	24,13
1,130	22,65	24,13
1,133	22,65	24,13
1,132	22,65	24,13
1,131	22,65	24,13
1,132	22,65	24,13
1,132	22,65	24,13
1,132	22,65	24,13
1,132	22,65	24,13
