1,056	15,94	24,11
1,056	15,94	24,11
1,055	15,94	24,11
1,055	15,94	24,11
1,056	15,94	24,11
1,056	15,94	24,11
1,055	15,94	24,11
1,055	15,94	24,11
1,053	15,94	24,11
1,056	15,94	24,11
1,056	15,94	24,11
1,059	15,94	24,11
1,054	15,94	24,11
1,054	15,94	24,11
1,054	15,94	24,11
1,056	15,94	24,11
1,054	15,94	24,11
1,055	15,94	24,11
1,054	15,94	24,11
1,055	15,94	24,11
1,055	15,94	24,11
1,055	15,94	24,11
1,056	15,94	24,11
1,053	15,94	24,11
1,055	15,94	24,11
1,056	15,93	24,11
1,058	15,93	24,11
1,056	15,93	24,11
1,058	15,93	24,11
1,056	15,93	24,11
1,055	15,93	24,11
1,056	15,93	24,11
1,057	15,93	24,11
1,053	15,93	24,11
1,054	15,93	24,11
1,054	15,95	24,11
1,053	15,97	24,11
1,054	15,99	24,11
1,053	16,01	24,11
1,052	16,01	24,11
1,051	16,02	24,11
1,051	16,04	24,11
1,048	16,06	24,11
1,048	16,10	24,11
1,046	16,12	24,11
1,043	16,14	24,11
1,044	16,16	24,11
1,041	16,21	24,11
1,041	16,23	24,11
1,039	16,25	24,11
1,038	16,26	24,11
1,035	16,29	24,11
1,037	16,31	24,11
1,034	16,33	24,11
1,033	16,35	24,11
1,032	16,37	24,11
1,029	16,41	24,11
1,026	16,45	24,11
1,026	16,49	24,11
1,023	16,51	24,11
1,023	16,53	24,11
1,023	16,55	24,11
1,021	16,57	24,11
1,019	16,59	24,11
1,017	16,62	24,11
1,017	16,64	24,11
1,014	16,66	24,11
1,014	16,69	24,11
1,013	16,70	24,11
1,013	16,72	24,11
1,012	16,74	24,11
1,010	16,76	24,11
1,013	16,78	24,11
1,009	16,80	24,11
1,008	16,82	24,11
1,007	16,84	24,11
1,005	16,86	24,11
1,003	16,91	24,11
1,000	16,94	24,11
1,001	16,97	24,11
1,000	16,99	24,11
0,997	17,01	24,11
0,996	17,04	24,11
0,997	17,06	24,11
0,996	17,08	24,11
0,993	17,11	24,11
0,989	17,13	24,11
0,991	17,17	24,11
0,987	17,19	24,11
0,988	17,21	24,11
0,987	17,23	24,11
0,986	17,25	24,11
0,986	17,26	24,11
0,985	17,28	24,11
0,984	17,29	24,11
0,984	17,31	24,11
0,982	17,33	24,11
0,980	17,35	24,11
0,979	17,38	24,11
0,977	17,40	24,11
0,978	17,43	24,11
0,975	17,45	24,11
0,974	17,47	24,11
0,974	17,50	24,11
0,974	17,51	24,11
0,972	17,53	24,11
0,970	17,56	24,11
0,971	17,59	24,11
0,968	17,63	24,11
0,968	17,64	24,11
0,966	17,66	24,11
0,966	17,68	24,11
0,964	17,70	24,11
0,964	17,74	24,11
0,961	17,76	24,11
0,965	17,78	24,11
0,960	17,80	24,11
0,960	17,84	24,11
0,958	17,86	24,11
0,957	17,87	24,11
0,956	17,90	24,11
0,955	17,93	24,11
0,951	17,97	24,11
0,953	18,00	24,11
0,950	18,04	24,11
0,949	18,11	24,11
0,948	18,25	24,11
0,948	18,30	24,11
0,945	18,32	24,11
0,945	18,34	24,11
0,942	18,34	24,11
0,942	18,34	24,11
0,940	18,35	24,11
0,938	18,36	24,11
0,938	18,35	24,11
0,938	18,38	24,11
0,938	18,39	24,11
0,935	18,39	24,11
0,933	18,40	24,11
0,934	18,41	24,11
0,931	18,42	24,11
0,929	18,43	24,11
0,928	18,48	24,11
0,925	18,51	24,11
0,926	18,55	24,11
0,925	18,58	24,11
0,921	18,62	24,11
0,923	18,62	24,11
0,923	18,65	24,11
0,922	18,73	24,11
0,921	18,74	24,11
0,918	18,77	24,11
0,918	18,77	24,11
0,918	18,78	24,11
0,919	18,77	24,11
0,916	18,79	24,11
0,916	18,81	24,11
0,912	18,83	24,11
0,914	18,85	24,11
0,911	18,87	24,11
0,908	18,87	24,11
0,909	18,88	24,11
0,907	18,94	24,11
0,906	18,97	24,11
0,904	19,00	24,11
0,905	19,03	24,11
0,903	19,12	24,11
0,903	19,13	24,11
0,901	19,09	24,11
0,901	19,10	24,11
0,900	19,13	24,11
0,899	19,10	24,11
0,899	19,16	24,11
0,897	19,20	24,11
0,895	19,24	24,11
0,894	19,26	24,11
0,894	19,27	24,11
0,892	19,27	24,11
0,892	19,26	24,11
0,892	19,30	24,11
0,890	19,35	24,11
0,890	19,36	24,11
0,888	19,36	24,11
0,886	19,42	24,11
0,885	19,50	24,11
0,884	19,51	24,11
0,883	19,59	24,11
0,883	19,61	24,11
0,882	19,62	24,11
0,880	19,59	24,11
0,880	19,60	24,11
0,879	19,66	24,11
0,878	19,67	24,11
0,879	19,70	24,11
0,879	19,73	24,11
0,874	19,74	24,11
0,873	19,80	24,11
0,873	19,77	24,11
0,872	19,77	24,11
0,873	19,79	24,11
0,872	19,80	24,11
0,871	19,87	24,11
0,869	19,95	24,11
0,870	19,96	24,11
0,867	20,01	24,11
0,866	20,03	24,11
0,866	20,06	24,11
0,864	20,07	24,11
0,864	20,05	24,11
0,863	20,03	24,11
0,862	20,02	24,11
0,864	20,04	24,11
0,863	20,04	24,11
0,862	20,09	24,11
0,861	20,12	24,11
0,860	20,17	24,11
0,859	20,18	24,11
0,857	20,18	24,11
0,858	20,22	24,11
0,855	20,24	24,11
0,858	20,24	24,11
0,854	20,26	24,11
0,855	20,25	24,11
0,854	20,32	24,11
0,852	20,38	24,11
0,852	20,42	24,11
0,848	20,48	24,11
0,848	20,50	24,11
0,848	20,47	24,11
0,846	20,49	24,11
0,844	20,56	24,11
0,844	20,59	24,11
0,843	20,62	24,11
0,842	20,64	24,11
0,841	20,63	24,11
0,840	20,67	24,11
0,839	20,74	24,11
0,837	20,74	24,11
0,837	20,78	24,11
0,835	20,82	24,11
0,837	20,84	24,11
0,834	20,90	24,11
0,833	20,98	24,11
0,832	20,98	24,11
0,832	21,00	24,11
0,830	21,03	24,11
0,831	21,01	24,11
0,829	21,01	24,11
0,827	21,07	24,11
0,828	21,11	24,11
0,826	21,13	24,11
0,824	21,12	24,11
0,825	21,13	24,11
0,824	21,10	24,11
0,824	21,05	24,11
0,822	21,17	24,11
0,822	21,31	24,11
0,821	21,34	24,11
0,821	21,38	24,11
0,819	21,38	24,11
0,820	21,40	24,11
0,818	21,44	24,11
0,816	21,45	24,11
0,817	21,51	24,11
0,814	21,51	24,11
0,815	21,51	24,11
0,813	21,55	24,11
0,813	21,58	24,11
0,813	21,58	24,11
0,811	21,61	24,11
0,810	21,60	24,11
0,810	21,64	24,11
0,808	21,67	24,11
0,807	21,70	24,11
0,807	21,73	24,11
0,808	21,80	24,11
0,806	21,81	24,11
0,803	21,86	24,11
0,804	21,90	24,11
0,802	21,96	24,11
0,802	21,96	24,11
0,802	21,98	24,11
0,801	22,00	24,11
0,800	21,98	24,11
0,799	22,04	24,11
0,798	22,08	24,11
0,795	22,10	24,11
0,795	22,11	24,11
0,794	22,17	24,11
0,794	22,18	24,11
0,792	22,21	24,11
0,793	22,24	24,11
0,792	22,31	24,11
0,789	22,37	24,11
0,789	22,40	24,11
0,789	22,41	24,11
0,789	22,43	24,11
0,788	22,46	24,11
0,787	22,49	24,11
0,786	22,51	24,11
0,787	22,50	24,11
0,786	22,50	24,11
0,785	22,52	24,11
0,785	22,56	24,11
0,782	22,58	24,11
0,780	22,63	24,11
0,780	22,61	24,11
0,780	22,62	24,11
0,779	22,64	24,11
0,776	22,66	24,11
0,778	22,63	24,11
0,775	22,63	24,11
0,773	22,63	24,11
0,775	22,63	24,11
0,774	22,63	24,11
0,774	22,63	24,11
0,774	22,63	24,11
0,773	22,63	24,11
0,770	22,63	24,11
0,769	22,63	24,11
0,769	22,63	24,11
0,767	22,63	24,11
0,769	22,63	24,11
0,769	22,63	24,11
0,768	22,63	24,11
0,769	22,63	24,11
0,769	22,63	24,11
0,769	22,63	24,11
0,769	22,63	24,11
0,767	22,63	24,11
0,769	22,63	24,11
0,767	22,63	24,11
0,768	22,63	24,11
0,768	22,63	24,11
0,769	22,63	24,11
0,768	22,63	24,11
0,767	22,63	24,11
0,769	22,63	24,11
0,770	22,63	24,11
0,770	22,63	24,11
0,770	22,63	24,11
0,770	22,63	24,11
0,769	22,63	24,11
0,772	22,63	24,11
0,772	22,63	24,11
0,770	22,63	24,11
0,772	22,63	24,11
0,769	22,63	24,11
0,771	22,63	24,11
0,771	22,63	24,11
0,772	22,63	24,11
0,771	22,63	24,11
0,770	22,63	24,11
0,773	22,63	24,11
0,770	22,63	24,11
0,772	22,63	24,11
0,773	22,63	24,11
0,773	22,63	24,11
0,772	22,63	24,11
0,774	22,63	24,11
0,774	22,63	24,11
0,775	22,67	24,11
0,775	22,67	24,11
0,775	22,65	24,11
0,776	22,63	24,11
0,776	22,66	24,11
0,777	22,63	24,11
0,777	22,62	24,11
0,779	22,61	24,11
0,778	22,61	24,11
0,780	22,57	24,11
0,780	22,55	24,11
0,779	22,53	24,11
0,781	22,52	24,11
0,780	22,49	24,11
0,782	22,47	24,11
0,783	22,45	24,11
0,781	22,42	24,11
0,785	22,41	24,11
0,783	22,41	24,11
0,785	22,39	24,11
0,787	22,41	24,11
0,787	22,34	24,11
0,788	22,29	24,11
0,789	22,29	24,11
0,789	22,25	24,11
0,788	22,21	24,11
0,792	22,21	24,11
0,791	22,19	24,11
0,792	22,18	24,11
0,794	22,12	24,11
0,797	22,09	24,11
0,795	22,04	24,11
0,796	22,01	24,11
0,795	21,98	24,11
0,797	21,92	24,11
0,797	21,93	24,11
0,796	21,85	24,11
0,800	21,79	24,11
0,801	21,82	24,11
0,800	21,84	24,11
0,800	21,77	24,11
0,802	21,73	24,11
0,802	21,79	24,11
0,805	21,71	24,11
0,805	21,69	24,11
0,805	21,69	24,11
0,806	21,68	24,11
0,808	21,63	24,11
0,808	21,59	24,11
0,811	21,59	24,11
0,811	21,55	24,11
0,811	21,52	24,11
0,812	21,51	24,11
0,813	21,46	24,11
0,815	21,38	24,11
0,815	21,36	24,11
0,814	21,38	24,11
0,816	21,33	24,11
0,819	21,34	24,11
0,821	21,29	24,11
0,821	21,25	24,11
0,821	21,24	24,11
0,821	21,24	24,11
0,822	21,24	24,11
0,822	21,21	24,11
0,822	21,19	24,11
0,823	21,16	24,11
0,824	21,18	24,11
0,824	21,14	24,11
0,826	21,12	24,11
0,826	21,05	24,11
0,826	21,04	24,11
0,826	20,96	24,11
0,829	20,92	24,11
0,830	20,91	24,11
0,828	20,89	24,11
0,831	20,89	24,11
0,831	20,90	24,11
0,831	20,81	24,11
0,836	20,82	24,11
0,835	20,85	24,11
0,835	20,82	24,11
0,836	20,81	24,11
0,836	20,79	24,11
0,837	20,74	24,11
0,837	20,73	24,11
0,837	20,70	24,11
0,840	20,68	24,11
0,840	20,66	24,11
0,841	20,60	24,11
0,842	20,58	24,11
0,843	20,52	24,11
0,842	20,51	24,11
0,844	20,46	24,11
0,843	20,46	24,11
0,845	20,45	24,11
0,847	20,46	24,11
0,846	20,45	24,11
0,845	20,42	24,11
0,848	20,39	24,11
0,847	20,38	24,11
0,849	20,35	24,11
0,850	20,34	24,11
0,850	20,29	24,11
0,853	20,30	24,11
0,852	20,29	24,11
0,853	20,27	24,11
0,854	20,27	24,11
0,854	20,24	24,11
0,854	20,20	24,11
0,856	20,18	24,11
0,857	20,17	24,11
0,857	20,12	24,11
0,859	20,10	24,11
0,859	20,07	24,11
0,861	20,04	24,11
0,861	20,00	24,11
0,862	19,98	24,11
0,861	19,98	24,11
0,864	19,96	24,11
0,864	19,95	24,11
0,865	19,94	24,11
0,867	19,91	24,11
0,868	19,88	24,11
0,868	19,89	24,11
0,868	19,85	24,11
0,870	19,83	24,11
0,871	19,81	24,11
0,872	19,81	24,11
0,872	19,79	24,11
0,874	19,77	24,11
0,873	19,75	24,11
0,876	19,70	24,11
0,875	19,65	24,11
0,875	19,61	24,11
0,876	19,59	24,11
0,878	19,52	24,11
0,880	19,54	24,11
0,880	19,51	24,11
0,881	19,47	24,11
0,883	19,45	24,11
0,883	19,45	24,11
0,886	19,39	24,11
0,886	19,38	24,11
0,887	19,39	24,11
0,887	19,35	24,11
0,887	19,33	24,11
0,889	19,32	24,11
0,888	19,31	24,11
0,890	19,30	24,11
0,893	19,26	24,11
0,893	19,21	24,11
0,892	19,18	24,11
0,895	19,15	24,11
0,896	19,14	24,11
0,896	19,12	24,11
0,897	19,07	24,11
0,898	19,05	24,11
0,900	19,08	24,11
0,900	19,03	24,11
0,903	18,98	24,11
0,904	18,92	24,11
0,905	18,94	24,11
0,905	18,96	24,11
0,905	18,93	24,11
0,908	18,90	24,11
0,908	18,90	24,11
0,906	18,88	24,11
0,910	18,86	24,11
0,909	18,87	24,11
0,911	18,84	24,11
0,913	18,81	24,11
0,914	18,77	24,11
0,915	18,75	24,11
0,915	18,74	24,11
0,917	18,69	24,11
0,919	18,65	24,11
0,917	18,64	24,11
0,918	18,62	24,11
0,920	18,60	24,11
0,920	18,58	24,11
0,921	18,55	24,11
0,923	18,49	24,11
0,923	18,44	24,11
0,926	18,48	24,11
0,928	18,43	24,11
0,927	18,42	24,11
0,927	18,42	24,11
0,930	18,40	24,11
0,927	18,40	24,11
0,929	18,38	24,11
0,929	18,37	24,11
0,932	18,36	24,11
0,934	18,37	24,11
0,935	18,35	24,11
0,937	18,34	24,11
0,939	18,33	24,11
0,939	18,33	24,11
0,940	18,30	24,11
0,940	18,28	24,11
0,942	18,26	24,11
0,943	18,20	24,11
0,944	18,17	24,11
0,945	18,11	24,11
0,947	18,07	24,11
0,946	18,05	24,11
0,948	18,02	24,11
0,948	17,99	24,11
0,950	17,95	24,11
0,951	17,91	24,11
0,951	17,86	24,11
0,953	17,82	24,11
0,956	17,80	24,11
0,955	17,78	24,11
0,956	17,75	24,11
0,958	17,72	24,11
0,957	17,70	24,11
0,960	17,70	24,11
0,961	17,69	24,11
0,962	17,67	24,11
0,962	17,66	24,11
0,963	17,64	24,11
0,964	17,63	24,11
0,965	17,61	24,11
0,966	17,60	24,11
0,967	17,60	24,11
0,963	17,60	24,11
0,966	17,60	24,11
0,966	17,58	24,11
0,967	17,56	24,11
0,969	17,53	24,11
0,971	17,50	24,11
0,973	17,45	24,11
0,974	17,40	24,11
0,975	17,34	24,11
0,978	17,29	24,11
0,979	17,25	24,11
0,981	17,24	24,11
0,982	17,22	24,11
0,982	17,22	24,11
0,983	17,20	24,11
0,983	17,17	24,11
0,987	17,14	24,11
0,986	17,13	24,11
0,987	17,12	24,11
0,989	17,11	24,11
0,991	17,09	24,11
0,992	17,07	24,11
0,992	17,06	24,11
0,993	17,03	24,11
0,994	17,00	24,11
0,996	16,94	24,11
0,999	16,91	24,11
1,000	16,88	24,11
0,999	16,85	24,11
1,001	16,83	24,11
1,001	16,82	24,11
1,005	16,80	24,11
1,004	16,78	24,11
1,006	16,75	24,11
1,006	16,73	24,11
1,008	16,69	24,11
1,009	16,68	24,11
1,011	16,67	24,11
1,011	16,65	24,11
1,013	16,64	24,11
1,015	16,62	24,11
1,015	16,60	24,11
1,016	16,58	24,11
1,018	16,57	24,11
1,017	16,55	24,11
1,019	16,53	24,11
1,019	16,50	24,11
1,020	16,46	24,11
1,023	16,45	24,11
1,021	16,44	24,11
1,026	16,41	24,11
1,025	16,41	24,11
1,025	16,37	24,11
1,027	16,35	24,11
1,028	16,32	24,11
1,029	16,30	24,11
1,029	16,29	24,11
1,031	16,26	24,11
1,030	16,25	24,11
1,032	16,23	24,11
1,034	16,22	24,11
1,035	16,20	24,11
1,035	16,18	24,11
1,036	16,16	24,11
1,038	16,14	24,11
1,039	16,12	24,11
1,042	16,11	24,11
1,041	16,08	24,11
1,041	16,06	24,11
1,047	16,05	24,11
1,045	16,03	24,11
1,047	16,00	24,11
1,047	15,97	24,11
1,050	15,94	24,11
1,051	15,92	24,11
1,053	15,90	24,11
1,051	15,88	24,11
1,054	15,86	24,11
1,055	15,84	24,11
1,058	15,82	24,11
1,056	15,80	24,11
1,058	15,76	24,11
1,061	15,75	24,11
1,060	15,73	24,11
1,062	15,72	24,11
1,065	15,69	24,11
1,066	15,68	24,11
1,066	15,66	24,11
1,069	15,64	24,11
1,070	15,62	24,11
1,070	15,60	24,11
1,071	15,58	24,11
1,073	15,55	24,11
1,075	15,52	24,11
1,076	15,49	24,11
1,077	15,45	24,11
1,077	15,43	24,11
1,078	15,40	24,11
1,080	15,38	24,11
1,083	15,37	24,11
1,084	15,35	24,11
1,085	15,33	24,11
1,086	15,30	24,11
1,087	15,27	24,11
1,088	15,25	24,11
1,090	15,23	24,11
1,093	15,22	24,11
1,091	15,20	24,11
1,094	15,18	24,11
1,095	15,16	24,11
1,097	15,14	24,11
1,097	15,12	24,11
1,100	15,10	24,11
1,100	15,08	24,11
1,101	15,05	24,11
1,105	15,01	24,11
1,104	14,98	24,11
1,107	14,95	24,11
1,109	14,93	24,11
1,109	14,91	24,11
1,109	14,89	24,11
1,113	14,88	24,11
1,113	14,86	24,11
1,115	14,84	24,11
1,115	14,81	24,11
1,118	14,79	24,11
1,122	14,78	24,11
1,121	14,77	24,11
1,122	14,77	24,11
1,122	14,74	24,11
1,124	14,73	24,11
1,125	14,72	24,11
1,126	14,71	24,11
1,123	14,69	24,11
1,126	14,68	24,11
1,127	14,68	24,11
1,126	14,67	24,11
1,127	14,65	24,11
1,130	14,65	24,11
1,129	14,63	24,11
1,129	14,56	24,11
1,133	14,53	24,11
1,137	14,51	24,11
1,135	14,48	24,11
1,138	14,44	24,11
1,140	14,43	24,11
1,143	14,41	24,11
1,144	14,39	24,11
1,145	14,36	24,11
1,148	14,34	24,11
1,149	14,33	24,11
1,150	14,32	24,11
1,151	14,30	24,11
1,153	14,29	24,11
1,153	14,27	24,11
1,154	14,25	24,11
1,155	14,23	24,11
1,156	14,22	24,11
1,159	14,20	24,11
1,159	14,19	24,11
1,160	14,17	24,11
1,162	14,15	24,11
1,162	14,12	24,11
1,163	14,11	24,11
1,165	14,08	24,11
1,166	14,05	24,11
1,167	14,04	24,11
1,169	14,03	24,11
1,172	14,00	24,11
1,173	13,99	24,11
1,175	13,98	24,11
1,173	13,96	24,11
1,175	13,95	24,11
1,176	13,93	24,11
1,178	13,91	24,11
1,179	13,90	24,11
1,177	13,88	24,11
1,179	13,87	24,11
1,182	13,86	24,11
1,183	13,84	24,11
1,184	13,83	24,11
1,186	13,82	24,11
1,186	13,81	24,11
1,187	13,79	24,11
1,185	13,78	24,11
1,191	13,77	24,11
1,191	13,75	24,11
1,192	13,72	24,11
1,192	13,72	24,11
1,194	13,71	24,11
1,195	13,69	24,11
1,197	13,67	24,11
1,198	13,65	24,11
1,199	13,62	24,11
1,202	13,58	24,11
1,202	13,56	24,11
1,205	13,54	24,11
1,206	13,54	24,11
1,210	13,52	24,11
1,209	13,50	24,11
1,209	13,47	24,11
1,214	13,46	24,11
1,215	13,43	24,11
1,217	13,40	24,11
1,216	13,38	24,11
1,218	13,37	24,11
1,221	13,36	24,11
1,223	13,33	24,11
1,222	13,31	24,11
1,223	13,31	24,11
1,224	13,30	24,11
1,226	13,28	24,11
1,226	13,27	24,11
1,226	13,25	24,11
1,228	13,25	24,11
1,231	13,23	24,11
1,233	13,22	24,11
1,233	13,20	24,11
1,232	13,19	24,11
1,236	13,16	24,11
1,237	13,14	24,11
1,238	13,12	24,11
1,238	13,10	24,11
1,242	13,09	24,11
1,243	13,06	24,11
1,244	13,04	24,11
1,247	13,02	24,11
1,248	12,99	24,11
1,251	12,98	24,11
1,251	12,96	24,11
1,253	12,93	24,11
1,256	12,90	24,11
1,259	12,88	24,11
1,259	12,87	24,11
1,259	12,84	24,11
1,261	12,83	24,11
1,263	12,82	24,11
1,265	12,81	24,11
1,267	12,80	24,11
1,266	12,78	24,11
1,267	12,77	24,11
1,270	12,70	24,11
1,270	12,70	24,11
1,272	12,70	24,11
1,270	12,68	24,11
1,273	12,66	24,11
1,276	12,64	24,11
1,278	12,60	24,11
1,279	12,58	24,11
1,280	12,55	24,11
1,284	12,53	24,11
1,286	12,52	24,11
1,288	12,50	24,11
1,292	12,47	24,11
1,291	12,46	24,11
1,293	12,42	24,11
1,297	12,41	24,11
1,300	12,38	24,11
1,302	12,35	24,11
1,302	12,33	24,11
1,305	12,32	24,11
1,308	12,29	24,11
1,309	12,26	24,11
1,310	12,25	24,11
1,312	12,22	24,11
1,316	12,19	24,11
1,316	12,18	24,11
1,318	12,17	24,11
1,319	12,15	24,11
1,322	12,13	24,11
1,322	12,11	24,11
1,323	12,10	24,11
1,325	12,08	24,11
1,326	12,07	24,11
1,326	12,04	24,11
1,330	12,03	24,11
1,331	12,02	24,11
1,332	11,98	24,11
1,337	11,96	24,11
1,337	11,94	24,11
1,342	11,92	24,11
1,343	11,89	24,11
1,345	11,88	24,11
1,348	11,85	24,11
1,348	11,83	24,11
1,351	11,81	24,11
1,353	11,79	24,11
1,356	11,75	24,11
1,356	11,74	24,11
1,358	11,72	24,11
1,360	11,71	24,11
1,362	11,69	24,11
1,366	11,66	24,11
1,366	11,64	24,11
1,367	11,63	24,11
1,371	11,61	24,11
1,373	11,59	24,11
1,375	11,58	24,11
1,375	11,56	24,11
1,378	11,55	24,11
1,380	11,53	24,11
1,385	11,51	24,11
1,388	11,49	24,11
1,390	11,46	24,11
1,392	11,44	24,11
1,394	11,41	24,11
1,398	11,39	24,11
1,399	11,37	24,11
1,400	11,34	24,11
1,403	11,31	24,11
1,406	11,29	24,11
1,409	11,26	24,11
1,408	11,24	24,11
1,414	11,21	24,11
1,415	11,20	24,11
1,419	11,17	24,11
1,421	11,15	24,11
1,422	11,12	24,11
1,424	11,10	24,11
1,427	11,09	24,11
1,428	11,06	24,11
1,434	11,05	24,11
1,434	11,03	24,11
1,438	11,00	24,11
1,439	10,99	24,11
1,442	10,96	24,11
1,445	10,95	24,11
1,446	10,92	24,11
1,450	10,91	24,11
1,448	10,88	24,11
1,455	10,85	24,11
1,453	10,83	24,11
1,455	10,81	24,11
1,456	10,79	24,11
1,458	10,77	24,11
1,461	10,75	24,11
1,463	10,73	24,11
1,466	10,71	24,11
1,468	10,70	24,11
1,471	10,69	24,11
1,472	10,67	24,11
1,472	10,65	24,11
1,476	10,63	24,11
1,477	10,61	24,11
1,483	10,59	24,11
1,484	10,57	24,11
1,488	10,55	24,11
1,489	10,52	24,11
1,493	10,52	24,11
1,494	10,50	24,11
1,497	10,46	24,11
1,502	10,41	24,11
1,504	10,39	24,11
1,509	10,36	24,11
1,509	10,35	24,11
1,511	10,33	24,11
1,513	10,31	24,11
1,517	10,29	24,11
1,519	10,27	24,11
1,522	10,24	24,11
1,524	10,22	24,11
1,528	10,21	24,11
1,531	10,19	24,11
1,532	10,17	24,11
1,537	10,16	24,11
1,540	10,14	24,11
1,543	10,10	24,11
1,546	10,07	24,11
1,549	10,04	24,11
1,551	10,01	24,11
1,557	9,97	24,11
1,562	9,90	24,11
1,562	9,86	24,11
1,567	9,85	24,11
1,571	9,79	24,11
1,573	9,78	24,11
1,572	9,76	24,11
1,577	9,72	24,11
1,580	9,68	24,11
1,582	9,64	24,11
1,587	9,61	24,11
1,588	9,60	24,11
1,591	9,57	24,11
1,595	9,56	24,11
1,595	9,56	24,11
1,600	9,56	24,11
1,602	9,55	24,11
1,604	9,54	24,11
1,609	9,53	24,11
1,612	9,52	24,11
1,615	9,52	24,11
1,618	9,51	24,11
1,621	9,51	24,11
1,625	9,49	24,11
1,627	9,48	24,11
1,633	9,47	24,11
1,633	9,42	24,11
1,638	9,42	24,11
1,641	9,41	24,11
1,646	9,31	24,11
1,647	9,31	24,11
1,651	9,28	24,11
1,655	9,27	24,11
1,657	9,29	24,11
1,662	9,25	24,11
1,665	9,24	24,11
1,667	9,22	24,11
1,673	9,19	24,11
1,676	9,19	24,11
1,678	9,18	24,11
1,683	9,15	24,11
1,685	9,16	24,11
1,689	9,16	24,11
1,693	9,13	24,11
1,697	9,11	24,11
1,699	9,12	24,11
1,701	9,09	24,11
1,703	9,07	24,11
1,703	9,05	24,11
1,704	9,02	24,11
1,710	8,99	24,11
1,714	8,98	24,11
1,719	8,99	24,11
1,723	8,93	24,11
1,729	8,92	24,11
1,737	8,82	24,11
1,741	8,86	24,11
1,744	8,81	24,11
1,747	8,81	24,11
1,751	8,79	24,11
1,755	8,78	24,11
1,760	8,67	24,11
1,764	8,66	24,11
1,768	8,60	24,11
1,773	8,58	24,11
1,777	8,56	24,11
1,782	8,54	24,11
1,786	8,49	24,11
1,794	8,50	24,11
1,798	8,47	24,11
1,803	8,45	24,11
1,806	8,39	24,11
1,811	8,40	24,11
1,816	8,35	24,11
1,820	8,34	24,11
1,825	8,30	24,11
1,830	8,28	24,11
1,837	8,25	24,11
1,842	8,27	24,11
1,845	8,21	24,11
1,850	8,23	24,11
1,857	8,16	24,11
1,861	8,12	24,11
1,868	8,12	24,11
1,871	8,06	24,11
1,878	8,00	24,11
1,884	8,00	24,11
1,885	7,97	24,11
1,891	7,91	24,11
1,899	7,89	24,11
1,902	7,88	24,11
1,905	7,91	24,11
1,906	7,89	24,11
1,908	7,89	24,11
1,914	7,84	24,11
1,921	7,86	24,11
1,927	7,84	24,11
1,934	7,72	24,11
1,941	7,73	24,11
1,945	7,69	24,11
1,955	7,63	24,11
1,960	7,60	24,11
1,961	7,58	24,11
1,962	7,57	24,11
1,967	7,57	24,11
1,975	7,52	24,11
1,980	7,52	24,11
1,988	7,46	24,11
1,996	7,46	24,11
2,004	7,45	24,11
2,010	7,41	24,11
2,015	7,41	24,11
2,021	7,35	24,11
2,026	7,37	24,11
2,031	7,33	24,11
2,037	7,31	24,11
2,043	7,28	24,11
2,050	7,26	24,11
2,056	7,20	24,11
2,060	7,19	24,11
2,065	7,14	24,11
2,070	7,14	24,11
2,078	7,11	24,11
2,086	7,09	24,11
2,091	7,03	24,11
2,097	7,02	24,11
2,101	6,96	24,11
2,108	6,92	24,11
2,113	6,97	24,11
2,121	6,91	24,11
2,124	6,88	24,11
2,127	6,89	24,11
2,133	6,85	24,11
2,136	6,87	24,11
2,139	6,88	24,11
2,143	6,78	24,11
2,151	6,78	24,11
2,156	6,69	24,11
2,163	6,65	24,11
2,165	6,67	24,11
2,170	6,64	24,11
2,176	6,60	24,11
2,182	6,59	24,11
2,191	6,57	24,11
2,198	6,50	24,11
2,206	6,52	24,11
2,214	6,49	24,11
2,222	6,42	24,11
2,233	6,40	24,11
2,237	6,39	24,11
2,243	6,36	24,11
2,251	6,36	24,11
2,259	6,33	24,11
2,270	6,31	24,11
2,279	6,23	24,11
2,291	6,17	24,11
2,300	6,12	24,11
2,308	6,10	24,11
2,314	6,07	24,11
2,323	6,05	24,11
2,334	5,99	24,11
2,342	5,99	24,11
2,355	5,93	24,11
2,367	5,91	24,11
2,375	5,88	24,11
2,381	5,88	24,11
2,387	5,87	24,11
2,392	5,87	24,11
2,397	5,83	24,11
2,404	5,83	24,11
2,412	5,80	24,11
2,424	5,76	24,11
2,433	5,73	24,11
2,439	5,71	24,11
2,441	5,69	24,11
2,451	5,63	24,11
2,459	5,58	24,11
2,470	5,56	24,11
2,479	5,51	24,11
2,490	5,48	24,11
2,499	5,42	24,11
2,512	5,35	24,11
2,522	5,34	24,11
2,527	5,35	24,11
2,536	5,36	24,11
2,544	5,33	24,11
2,552	5,34	24,11
2,564	5,36	24,11
2,573	5,29	24,11
2,581	5,27	24,11
2,589	5,22	24,11
2,592	5,26	24,11
2,602	5,25	24,11
2,608	5,25	24,11
2,613	5,22	24,11
2,617	5,22	24,11
2,621	5,23	24,11
2,632	5,23	24,11
2,644	5,22	24,11
2,658	5,23	24,11
2,673	5,21	24,11
2,684	5,21	24,11
2,694	5,21	24,11
2,706	5,19	24,11
2,720	5,20	24,11
2,732	5,19	24,11
2,744	5,19	24,11
2,751	5,21	24,11
2,761	5,20	24,11
2,768	5,18	24,11
2,773	5,20	24,11
2,772	5,20	24,11
2,763	5,22	24,11
2,758	5,19	24,11
2,750	5,19	24,11
2,743	5,21	24,11
2,739	5,19	24,11
2,734	5,19	24,11
2,732	5,18	24,11
2,730	5,21	24,11
2,729	5,23	24,11
2,719	5,23	24,11
2,709	5,24	24,11
2,703	5,23	24,11
2,694	5,22	24,11
2,681	5,25	24,11
2,668	5,22	24,11
2,652	5,23	24,11
2,643	5,23	24,11
2,630	5,24	24,11
2,620	5,23	24,11
2,612	5,25	24,11
2,605	5,27	24,11
2,595	5,29	24,11
2,587	5,33	24,11
2,576	5,32	24,11
2,570	5,35	24,11
2,558	5,38	24,11
2,544	5,40	24,11
2,535	5,41	24,11
2,528	5,43	24,11
2,517	5,54	24,11
2,509	5,52	24,11
2,500	5,55	24,11
2,490	5,58	24,11
2,484	5,71	24,11
2,472	5,71	24,11
2,464	5,73	24,11
2,457	5,74	24,11
2,450	5,75	24,11
2,444	5,77	24,11
2,438	5,77	24,11
2,432	5,79	24,11
2,424	5,80	24,11
2,419	5,81	24,11
2,410	5,85	24,11
2,399	5,87	24,11
2,390	5,88	24,11
2,383	5,96	24,11
2,377	5,98	24,11
2,370	6,01	24,11
2,361	6,02	24,11
2,356	6,04	24,11
2,349	6,05	24,11
2,344	6,09	24,11
2,337	6,12	24,11
2,328	6,11	24,11
2,321	6,15	24,11
2,311	6,14	24,11
2,303	6,24	24,11
2,297	6,27	24,11
2,290	6,33	24,11
2,282	6,32	24,11
2,274	6,35	24,11
2,267	6,36	24,11
2,259	6,39	24,11
2,251	6,42	24,11
2,247	6,45	24,11
2,243	6,48	24,12
2,236	6,49	24,11
2,230	6,59	24,11
2,227	6,63	24,11
2,224	6,57	24,11
2,218	6,59	24,11
2,209	6,65	24,11
2,200	6,66	24,11
2,190	6,77	24,11
2,183	6,79	24,12
2,181	6,79	24,12
2,175	6,80	24,11
2,169	6,75	24,12
2,165	6,77	24,12
2,159	6,81	24,12
2,152	6,91	24,12
2,143	6,97	24,12
2,137	6,99	24,12
2,133	7,00	24,12
2,127	7,01	24,12
2,123	7,03	24,12
2,119	7,08	24,12
2,112	7,12	24,11
2,105	7,14	24,12
2,100	7,27	24,12
2,091	7,16	24,12
2,088	7,21	24,12
2,083	7,26	24,12
2,077	7,26	24,11
2,070	7,30	24,12
2,066	7,29	24,12
2,064	7,25	24,11
2,061	7,28	24,12
2,058	7,32	24,12
2,055	7,33	24,12
2,049	7,29	24,12
2,046	7,40	24,12
2,043	7,46	24,11
2,036	7,46	24,12
2,031	7,43	24,12
2,027	7,55	24,12
2,022	7,51	24,12
2,021	7,54	24,12
2,017	7,51	24,12
2,015	7,51	24,12
2,013	7,53	24,11
2,012	7,54	24,12
2,008	7,52	24,12
2,006	7,52	24,12
2,004	7,54	24,11
2,002	7,54	24,11
2,000	7,52	24,11
1,998	7,57	24,12
1,992	7,61	24,12
1,988	7,64	24,12
1,984	7,65	24,12
1,976	7,71	24,12
1,972	7,78	24,12
1,969	7,78	24,12
1,964	7,76	24,12
1,960	7,71	24,12
1,957	7,72	24,12
1,954	7,77	24,12
1,953	7,78	24,12
1,952	7,78	24,12
1,950	7,83	24,12
1,947	7,86	24,12
1,943	7,89	24,12
1,938	7,85	24,12
1,938	7,86	24,12
1,931	7,90	24,12
1,929	7,91	24,12
1,924	7,95	24,12
1,920	7,92	24,12
1,919	7,94	24,12
1,916	7,94	24,12
1,911	8,00	24,12
1,908	8,04	24,12
1,905	8,05	24,12
1,902	8,04	24,12
1,900	8,06	24,12
1,895	8,08	24,12
1,889	8,14	24,12
1,887	8,12	24,12
1,881	8,07	24,12
1,879	8,15	24,12
1,874	8,19	24,12
1,870	8,20	24,12
1,866	8,21	24,12
1,862	8,25	24,12
1,859	8,31	24,12
1,855	8,31	24,12
1,850	8,33	24,12
1,846	8,34	24,12
1,844	8,30	24,12
1,840	8,31	24,12
1,836	8,33	24,12
1,832	8,36	24,12
1,829	8,47	24,12
1,826	8,47	24,12
1,821	8,49	24,12
1,817	8,49	24,12
1,816	8,50	24,12
1,812	8,52	24,12
1,810	8,52	24,12
1,807	8,57	24,12
1,802	8,54	24,12
1,798	8,58	24,12
1,795	8,57	24,12
1,792	8,60	24,12
1,789	8,65	24,12
1,786	8,60	24,12
1,784	8,69	24,12
1,781	8,72	24,12
1,776	8,81	24,12
1,772	8,81	24,12
1,768	8,87	24,12
1,763	8,88	24,12
1,761	8,86	24,12
1,757	8,92	24,12
1,754	8,95	24,12
1,751	8,96	24,12
1,746	8,92	24,12
1,742	8,98	24,12
1,736	9,01	24,12
1,732	9,08	24,12
1,730	9,04	24,12
1,726	9,03	24,12
1,722	9,04	24,12
1,721	9,03	24,12
1,714	9,06	24,12
1,715	9,11	24,12
1,711	9,10	24,12
1,710	9,15	24,12
1,705	9,13	24,12
1,703	9,16	24,12
1,698	9,15	24,12
1,696	9,17	24,12
1,692	9,19	24,12
1,691	9,21	24,12
1,686	9,23	24,12
1,684	9,24	24,12
1,682	9,28	24,12
1,679	9,29	24,12
1,676	9,32	24,12
1,674	9,33	24,12
1,671	9,37	24,12
1,668	9,35	24,12
1,665	9,35	24,12
1,662	9,36	24,12
1,660	9,36	24,12
1,660	9,38	24,12
1,658	9,40	24,12
1,656	9,38	24,12
1,656	9,40	24,12
1,653	9,42	24,12
1,651	9,43	24,12
1,646	9,46	24,12
1,643	9,49	24,12
1,641	9,49	24,12
1,637	9,50	24,12
1,637	9,52	24,12
1,634	9,52	24,12
1,628	9,53	24,12
1,629	9,54	24,12
1,623	9,55	24,12
1,619	9,55	24,12
1,614	9,57	24,12
1,610	9,63	24,12
1,606	9,64	24,12
1,601	9,65	24,12
1,598	9,69	24,12
1,596	9,72	24,12
1,591	9,76	24,12
1,588	9,79	24,12
1,587	9,84	24,12
1,582	9,88	24,12
1,577	9,95	24,12
1,573	10,00	24,12
1,571	10,02	24,12
1,567	10,05	24,12
1,565	10,09	24,12
1,559	10,11	24,12
1,554	10,14	24,12
1,553	10,16	24,12
1,550	10,18	24,12
1,544	10,23	24,12
1,541	10,24	24,12
1,537	10,26	24,12
1,534	10,29	24,12
1,530	10,31	24,12
1,527	10,35	24,12
1,524	10,37	24,12
1,522	10,38	24,12
1,519	10,40	24,12
1,519	10,43	24,12
1,512	10,46	24,12
1,512	10,50	24,12
1,508	10,53	24,12
1,505	10,56	24,12
1,502	10,59	24,12
1,499	10,63	24,12
1,496	10,64	24,12
1,492	10,67	24,12
1,488	10,69	24,12
1,486	10,71	24,12
1,483	10,72	24,12
1,481	10,74	24,12
1,480	10,75	24,12
1,476	10,76	24,12
1,476	10,78	24,12
1,475	10,80	24,12
1,470	10,83	24,12
1,467	10,85	24,12
1,464	10,88	24,12
1,461	10,91	24,12
1,456	10,95	24,12
1,455	10,97	24,12
1,454	10,99	24,12
1,451	11,02	24,12
1,451	11,04	24,12
1,446	11,08	24,12
1,443	11,10	24,12
1,439	11,12	24,12
1,437	11,15	24,12
1,434	11,17	24,12
1,433	11,20	24,12
1,428	11,21	24,12
1,427	11,24	24,12
1,423	11,25	24,12
1,422	11,28	24,12
1,421	11,29	24,12
1,417	11,34	24,12
1,413	11,37	24,12
1,408	11,40	24,12
1,407	11,42	24,12
1,405	11,44	24,12
1,403	11,47	24,12
1,402	11,48	24,12
1,400	11,51	24,12
1,396	11,53	24,12
1,396	11,55	24,12
1,393	11,57	24,12
1,391	11,60	24,12
1,389	11,61	24,12
1,385	11,63	24,12
1,382	11,66	24,12
1,383	11,68	24,12
1,377	11,69	24,12
1,375	11,71	24,12
1,374	11,72	24,12
1,370	11,75	24,12
1,368	11,79	24,12
1,363	11,81	24,12
1,360	11,84	24,12
1,356	11,86	24,12
1,357	11,89	24,12
1,355	11,92	24,12
1,353	11,94	24,12
1,352	11,96	24,12
1,346	11,98	24,12
1,348	12,01	24,12
1,345	12,04	24,12
1,342	12,07	24,12
1,338	12,10	24,12
1,337	12,12	24,12
1,333	12,13	24,12
1,334	12,15	24,12
1,330	12,17	24,12
1,328	12,20	24,12
1,325	12,23	24,12
1,321	12,25	24,12
1,316	12,29	24,12
1,315	12,32	24,12
1,316	12,34	24,12
1,313	12,36	24,12
1,310	12,39	24,12
1,308	12,42	24,12
1,308	12,44	24,12
1,306	12,44	24,12
1,303	12,45	24,12
1,303	12,48	24,12
1,299	12,53	24,12
1,299	12,55	24,12
1,295	12,57	24,12
1,293	12,58	24,12
1,290	12,62	24,12
1,288	12,64	24,12
1,285	12,67	24,12
1,282	12,70	24,12
1,279	12,71	24,12
1,276	12,75	24,12
1,274	12,77	24,12
1,275	12,80	24,12
1,271	12,83	24,12
1,271	12,87	24,12
1,268	12,88	24,12
1,264	12,91	24,12
1,263	12,94	24,12
1,260	12,97	24,12
1,258	13,00	24,12
1,256	13,03	24,12
1,253	13,05	24,12
1,252	13,08	24,12
1,250	13,09	24,12
1,244	13,12	24,12
1,242	13,15	24,12
1,241	13,18	24,12
1,240	13,21	24,12
1,236	13,23	24,12
1,238	13,25	24,12
1,235	13,27	24,12
1,233	13,31	24,12
1,229	13,34	24,12
1,229	13,37	24,12
1,230	13,39	24,12
1,224	13,41	24,12
1,224	13,43	24,12
1,220	13,47	24,12
1,219	13,48	24,12
1,217	13,50	24,12
1,217	13,54	24,12
1,213	13,55	24,12
1,212	13,56	24,12
1,208	13,58	24,12
1,206	13,62	24,12
1,206	13,65	24,12
1,202	13,68	24,12
1,201	13,70	24,12
1,199	13,69	24,12
1,200	13,72	24,12
1,197	13,75	24,12
1,198	13,78	24,12
1,194	13,79	24,12
1,194	13,84	24,12
1,190	13,84	24,12
1,190	13,87	24,12
1,188	13,89	24,12
1,185	13,93	24,12
1,185	13,94	24,12
1,181	13,98	24,12
1,179	14,00	24,12
1,180	14,03	24,12
1,176	14,02	24,12
1,174	14,03	24,12
1,172	14,07	24,12
1,171	14,11	24,12
1,169	14,14	24,12
1,167	14,15	24,12
1,166	14,18	24,12
1,162	14,21	24,12
1,163	14,22	24,12
1,158	14,25	24,12
1,158	14,27	24,12
1,157	14,29	24,12
1,157	14,34	24,12
1,155	14,38	24,12
1,151	14,41	24,12
1,150	14,43	24,12
1,149	14,48	24,12
1,145	14,48	24,12
1,146	14,50	24,12
1,141	14,52	24,12
1,140	14,56	24,12
1,138	14,59	24,12
1,135	14,63	24,12
1,134	14,64	24,12
1,132	14,68	24,12
1,131	14,68	24,12
1,129	14,73	24,12
1,126	14,75	24,12
1,124	14,81	24,12
1,124	14,79	24,12
1,122	14,83	24,12
1,120	14,86	24,12
1,121	14,90	24,12
1,117	14,91	24,12
1,116	14,94	24,12
1,114	14,96	24,12
1,111	14,98	24,12
1,111	15,01	24,12
1,107	15,02	24,12
1,104	15,07	24,12
1,102	15,11	24,12
1,100	15,14	24,12
1,101	15,17	24,12
1,100	15,19	24,12
1,097	15,21	24,12
1,097	15,23	24,12
1,095	15,27	24,12
1,094	15,28	24,12
1,091	15,30	24,12
1,089	15,36	24,12
1,086	15,39	24,12
1,085	15,42	24,12
1,083	15,46	24,12
1,083	15,46	24,12
1,081	15,48	24,12
1,081	15,51	24,12
1,078	15,55	24,12
1,077	15,57	24,12
1,074	15,61	24,12
1,073	15,63	24,12
1,072	15,65	24,12
1,069	15,67	24,12
1,068	15,68	24,12
1,068	15,71	24,12
1,068	15,73	24,12
1,067	15,77	24,12
1,067	15,78	24,12
1,064	15,80	24,12
1,062	15,84	24,12
1,059	15,87	24,12
1,058	15,89	24,12
1,056	15,90	24,12
1,054	15,93	24,12
1,053	15,94	24,12
1,052	15,95	24,12
1,052	15,98	24,12
1,050	16,01	24,12
1,048	16,04	24,12
1,045	16,06	24,12
1,045	16,10	24,12
1,042	16,14	24,12
1,041	16,16	24,12
1,039	16,20	24,12
1,037	16,23	24,12
1,037	16,27	24,12
1,035	16,30	24,12
1,033	16,34	24,12
1,032	16,36	24,12
1,028	16,37	24,12
1,027	16,40	24,12
1,027	16,43	24,12
1,025	16,46	24,12
1,021	16,48	24,12
1,022	16,51	24,12
1,022	16,53	24,12
1,021	16,57	24,12
1,019	16,59	24,12
1,015	16,62	24,12
1,016	16,65	24,12
1,014	16,66	24,12
1,012	16,68	24,12
1,011	16,70	24,12
1,010	16,76	24,12
1,011	16,79	24,12
1,007	16,82	24,12
1,005	16,83	24,12
1,004	16,85	24,12
1,004	16,88	24,12
1,003	16,91	24,12
1,000	16,92	24,12
0,998	16,97	24,12
0,997	17,01	24,12
0,994	17,04	24,12
0,993	17,06	24,12
0,991	17,08	24,12
0,991	17,11	24,12
0,990	17,15	24,12
0,988	17,19	24,12
0,985	17,23	24,12
0,985	17,27	24,12
0,984	17,30	24,12
0,983	17,32	24,12
0,980	17,33	24,12
0,979	17,37	24,12
0,978	17,41	24,12
0,977	17,43	24,12
0,975	17,46	24,12
0,973	17,50	24,12
0,972	17,52	24,12
0,968	17,56	24,12
0,970	17,59	24,12
0,967	17,61	24,12
0,966	17,65	24,12
0,964	17,69	24,12
0,962	17,74	24,12
0,963	17,77	24,12
0,959	17,78	24,12
0,959	17,80	24,12
0,958	17,82	24,12
0,956	17,84	24,12
0,954	17,88	24,12
0,952	17,93	24,12
0,952	17,95	24,12
0,949	17,98	24,12
0,950	18,00	24,12
0,951	18,03	24,12
0,949	18,07	24,12
0,947	18,10	24,12
0,947	18,18	24,12
0,945	18,25	24,12
0,947	18,29	24,12
0,946	18,31	24,12
0,944	18,34	24,12
0,942	18,33	24,12
0,939	18,36	24,12
0,939	18,37	24,12
0,937	18,37	24,12
0,935	18,37	24,12
0,933	18,40	24,12
0,931	18,41	24,12
0,929	18,42	24,12
0,929	18,43	24,12
0,929	18,48	24,12
0,925	18,51	24,12
0,926	18,55	24,12
0,922	18,60	24,12
0,923	18,65	24,12
0,921	18,65	24,12
0,919	18,70	24,12
0,918	18,71	24,12
0,918	18,73	24,12
0,917	18,75	24,12
0,917	18,81	24,12
0,915	18,81	24,12
0,912	18,81	24,12
0,910	18,85	24,12
0,910	18,84	24,12
0,910	18,89	24,12
0,908	18,89	24,12
0,906	18,93	24,12
0,906	18,96	24,12
0,904	19,02	24,12
0,904	19,01	24,12
0,904	19,04	24,12
0,903	19,10	24,12
0,901	19,10	24,12
0,901	19,12	24,12
0,898	19,16	24,12
0,899	19,16	24,12
0,897	19,16	24,12
0,897	19,20	24,12
0,893	19,21	24,12
0,897	19,25	24,12
0,893	19,27	24,12
0,889	19,28	24,12
0,889	19,30	24,12
0,889	19,35	24,12
0,887	19,36	24,12
0,885	19,38	24,12
0,884	19,47	24,12
0,884	19,50	24,12
0,882	19,59	24,12
0,882	19,63	24,12
0,880	19,63	24,12
0,879	19,61	24,12
0,880	19,61	24,12
0,877	19,63	24,12
0,877	19,64	24,12
0,874	19,73	24,12
0,873	19,81	24,12
0,873	19,80	24,12
0,873	19,79	24,12
0,869	19,85	24,12
0,868	19,83	24,12
0,869	19,93	24,12
0,869	19,94	24,12
0,865	19,99	24,12
0,866	20,06	24,12
0,862	20,05	24,12
0,862	20,05	24,12
0,860	20,08	24,12
0,860	20,10	24,12
0,858	20,11	24,12
0,857	20,15	24,12
0,857	20,17	24,12
0,856	20,22	24,12
0,855	20,28	24,12
0,851	20,27	24,12
0,851	20,29	24,12
0,851	20,35	24,12
0,850	20,42	24,12
0,850	20,43	24,12
0,848	20,47	24,12
0,847	20,47	24,12
0,845	20,47	24,12
0,844	20,52	24,12
0,841	20,54	24,12
0,842	20,60	24,12
0,842	20,63	24,12
0,840	20,65	24,12
0,839	20,69	24,12
0,838	20,73	24,12
0,837	20,74	24,12
0,835	20,78	24,12
0,836	20,82	24,12
0,835	20,89	24,12
0,832	20,98	24,12
0,832	20,98	24,12
0,833	21,02	24,12
0,830	21,03	24,12
0,827	21,01	24,12
0,828	20,99	24,12
0,825	21,10	24,12
0,824	21,11	24,12
0,824	21,17	24,12
0,822	21,07	24,12
0,823	21,08	24,12
0,820	21,19	24,12
0,819	21,30	24,12
0,818	21,37	24,12
0,818	21,42	24,12
0,815	21,44	24,12
0,817	21,50	24,12
0,814	21,50	24,12
0,813	21,49	24,12
0,813	21,53	24,12
0,814	21,57	24,12
0,812	21,56	24,12
0,811	21,51	24,12
0,810	21,62	24,12
0,809	21,62	24,12
0,807	21,68	24,12
0,807	21,68	24,12
0,805	21,73	24,12
0,804	21,77	24,12
0,805	21,83	24,12
0,803	21,87	24,12
0,803	21,90	24,12
0,800	21,94	24,12
0,801	21,91	24,12
0,800	21,95	24,12
0,798	21,98	24,12
0,797	21,99	24,12
0,796	22,06	24,12
0,794	22,06	24,12
0,795	22,13	24,12
0,792	22,19	24,12
0,791	22,20	24,12
0,790	22,21	24,12
0,791	22,30	24,12
0,789	22,37	24,12
0,789	22,41	24,12
0,787	22,44	24,12
0,784	22,46	24,12
0,786	22,48	24,12
0,786	22,49	24,12
0,784	22,53	24,12
0,783	22,56	24,12
0,780	22,62	24,12
0,778	22,61	24,12
0,780	22,64	24,12
0,777	22,67	24,12
0,775	22,66	24,12
0,776	22,64	24,12
0,776	22,64	24,12
0,772	22,64	24,12
0,772	22,64	24,12
0,772	22,64	24,12
0,772	22,64	24,12
0,770	22,64	24,12
0,769	22,64	24,12
0,768	22,64	24,12
0,766	22,64	24,12
0,768	22,64	24,12
0,766	22,64	24,12
0,768	22,64	24,12
0,767	22,64	24,12
0,767	22,64	24,12
0,767	22,64	24,12
0,768	22,64	24,12
0,767	22,64	24,12
0,768	22,64	24,12
0,770	22,64	24,12
0,767	22,64	24,12
0,768	22,64	24,12
