4,071	5,20	24,12
4,072	5,20	24,12
4,070	5,19	24,12
4,071	5,18	24,12
4,070	5,20	24,12
4,072	5,20	24,12
4,072	5,20	24,12
4,071	5,20	24,12
4,072	5,19	24,12
4,071	5,20	24,12
4,070	5,20	24,12
4,069	5,19	24,12
4,069	5,19	24,12
4,070	5,20	24,12
4,070	5,21	24,12
4,071	5,21	24,12
4,071	5,18	24,12
4,070	5,19	24,12
4,070	5,19	24,12
4,070	5,19	24,12
4,070	5,18	24,12
4,070	5,19	24,12
4,070	5,21	24,12
4,070	5,18	24,12
4,070	5,18	24,12
4,071	5,18	24,12
4,070	5,20	24,12
4,070	5,20	24,12
4,069	5,21	24,12
4,069	5,20	24,12
4,070	5,20	24,12
4,071	5,20	24,12
4,067	5,19	24,12
4,069	5,19	24,12
4,070	5,19	24,12
4,069	5,18	24,12
4,069	5,20	24,12
4,070	5,20	24,12
4,069	5,20	24,12
4,069	5,19	24,12
4,069	5,20	24,12
4,067	5,21	24,12
4,069	5,19	24,12
4,070	5,17	24,12
4,070	5,19	24,12
4,069	5,20	24,12
4,069	5,20	24,12
4,068	5,17	24,12
4,069	5,20	24,12
4,068	5,19	24,12
4,070	5,20	24,12
4,069	5,20	24,12
4,070	5,19	24,12
4,068	5,20	24,12
4,070	5,19	24,12
4,066	5,19	24,12
4,070	5,19	24,12
4,069	5,19	24,12
4,069	5,21	24,12
4,071	5,19	24,12
4,066	5,21	24,12
4,070	5,20	24,12
4,067	5,19	24,12
4,069	5,17	24,12
4,069	5,20	24,12
4,069	5,19	24,12
4,068	5,19	24,12
4,067	5,19	24,12
4,068	5,19	24,12
4,069	5,18	24,12
4,068	5,20	24,12
4,068	5,19	24,12
4,069	5,19	24,12
4,068	5,20	24,12
4,068	5,20	24,12
4,067	5,20	24,12
4,067	5,20	24,12
4,067	5,18	24,12
4,066	5,20	24,12
4,069	5,19	24,12
4,069	5,19	24,12
4,067	5,18	24,12
4,068	5,19	24,12
4,067	5,18	24,12
4,068	5,20	24,12
4,069	5,21	24,12
4,069	5,21	24,12
4,066	5,20	24,12
4,069	5,19	24,12
4,067	5,19	24,12
4,067	5,21	24,12
4,068	5,19	24,12
4,067	5,21	24,12
4,067	5,19	24,12
4,066	5,20	24,12
4,068	5,20	24,12
4,068	5,19	24,12
4,067	5,18	24,12
4,067	5,18	24,12
4,066	5,19	24,12
4,068	5,19	24,12
4,069	5,20	24,12
4,067	5,20	24,12
4,068	5,21	24,12
4,068	5,19	24,12
4,068	5,19	24,12
4,066	5,21	24,12
4,067	5,19	24,12
4,067	5,20	24,12
4,066	5,19	24,12
4,065	5,18	24,12
4,067	5,20	24,12
4,066	5,21	24,12
4,066	5,20	24,12
4,069	5,19	24,12
4,067	5,20	24,12
4,066	5,19	24,12
4,067	5,21	24,12
4,064	5,20	24,12
4,069	5,19	24,12
4,067	5,20	24,12
4,067	5,19	24,12
4,065	5,19	24,12
4,068	5,20	24,12
4,067	5,18	24,12
4,065	5,19	24,12
4,064	5,17	24,12
4,067	5,20	24,12
4,063	5,17	24,12
4,067	5,19	24,12
4,064	5,19	24,12
4,065	5,19	24,12
4,065	5,20	24,12
4,064	5,19	24,12
4,066	5,20	24,12
4,067	5,19	24,12
4,066	5,21	24,12
4,066	5,19	24,12
4,066	5,20	24,12
4,064	5,18	24,12
4,066	5,20	24,12
4,066	5,19	24,12
4,065	5,20	24,12
4,066	5,20	24,12
4,066	5,19	24,12
4,064	5,18	24,12
4,068	5,20	24,12
4,065	5,19	24,12
4,062	5,22	24,12
4,065	5,20	24,12
4,063	5,21	24,12
4,066	5,19	24,12
4,066	5,19	24,12
4,065	5,20	24,12
4,067	5,20	24,12
4,065	5,21	24,12
4,066	5,20	24,12
4,066	5,21	24,12
4,065	5,21	24,12
4,065	5,18	24,12
4,065	5,18	24,12
4,065	5,19	24,12
4,065	5,19	24,12
4,064	5,19	24,12
4,065	5,21	24,12
4,064	5,19	24,12
4,064	5,20	24,12
4,065	5,20	24,12
4,065	5,21	24,12
4,066	5,18	24,12
4,064	5,20	24,12
4,065	5,18	24,12
4,063	5,20	24,12
4,063	5,19	24,12
4,065	5,20	24,12
4,066	5,20	24,12
4,065	5,19	24,12
4,064	5,20	24,12
4,065	5,19	24,12
4,065	5,19	24,12
4,065	5,19	24,12
4,065	5,20	24,12
4,064	5,21	24,12
4,064	5,19	24,12
4,064	5,18	24,12
4,066	5,20	24,12
4,065	5,21	24,12
4,064	5,20	24,12
4,065	5,20	24,12
4,065	5,20	24,12
4,064	5,21	24,12
4,063	5,19	24,12
4,065	5,20	24,12
4,063	5,20	24,12
4,064	5,18	24,12
4,063	5,19	24,12
4,064	5,19	24,12
4,063	5,21	24,12
4,063	5,20	24,12
4,065	5,21	24,12
4,063	5,20	24,12
4,063	5,18	24,12
4,063	5,21	24,12
4,066	5,18	24,12
4,065	5,19	24,12
4,065	5,19	24,12
4,063	5,20	24,12
4,065	5,21	24,12
4,064	5,19	24,12
4,064	5,19	24,12
4,063	5,19	24,12
4,064	5,20	24,12
4,063	5,19	24,12
4,064	5,19	24,12
4,064	5,19	24,12
4,064	5,19	24,12
4,063	5,19	24,12
4,064	5,20	24,12
4,063	5,21	24,12
4,064	5,20	24,12
4,064	5,20	24,12
4,062	5,20	24,12
4,066	5,20	24,12
4,063	5,21	24,12
4,064	5,22	24,12
4,063	5,20	24,12
4,062	5,19	24,12
4,063	5,19	24,12
4,063	5,21	24,12
4,062	5,22	24,12
4,063	5,21	24,12
4,062	5,20	24,12
4,064	5,19	24,12
4,063	5,20	24,12
4,063	5,19	24,12
4,062	5,21	24,12
4,063	5,21	24,12
4,062	5,20	24,12
4,063	5,20	24,12
4,062	5,19	24,12
4,064	5,21	24,12
4,062	5,20	24,12
4,063	5,18	24,12
4,063	5,20	24,12
4,062	5,19	24,12
4,061	5,18	24,12
4,063	5,18	24,12
4,062	5,21	24,12
4,062	5,19	24,12
4,064	5,18	24,12
4,063	5,20	24,12
4,063	5,20	24,12
4,062	5,21	24,12
4,061	5,20	24,12
4,062	5,18	24,12
4,061	5,18	24,12
4,063	5,19	24,12
4,060	5,19	24,12
4,063	5,19	24,12
4,062	5,20	24,12
4,063	5,21	24,12
4,061	5,18	24,12
4,061	5,21	24,12
4,063	5,19	24,12
4,062	5,19	24,12
4,066	5,20	24,12
4,062	5,18	24,12
4,062	5,20	24,12
4,060	5,20	24,12
4,063	5,20	24,12
4,062	5,17	24,12
4,062	5,21	24,12
4,062	5,17	24,12
4,060	5,20	24,12
4,062	5,21	24,12
4,062	5,18	24,12
4,062	5,19	24,12
4,062	5,18	24,12
4,062	5,19	24,12
4,061	5,20	24,12
4,061	5,19	24,12
4,063	5,21	24,12
4,062	5,20	24,12
4,064	5,21	24,12
4,063	5,20	24,12
4,062	5,19	24,12
4,061	5,19	24,12
4,063	5,21	24,12
4,061	5,20	24,12
4,060	5,21	24,12
4,063	5,20	24,12
4,062	5,20	24,12
4,063	5,18	24,12
4,061	5,19	24,12
4,063	5,21	24,12
4,063	5,19	24,12
4,060	5,18	24,12
4,061	5,21	24,12
4,063	5,20	24,12
4,061	5,20	24,12
4,063	5,18	24,12
4,061	5,20	24,12
4,060	5,19	24,12
4,061	5,18	24,12
4,062	5,19	24,12
4,063	5,20	24,12
4,062	5,21	24,12
4,062	5,19	24,12
4,063	5,21	24,12
4,060	5,19	24,12
4,063	5,20	24,12
4,061	5,20	24,12
4,063	5,20	24,12
4,060	5,19	24,12
4,062	5,20	24,12
4,061	5,18	24,12
4,060	5,18	24,12
4,062	5,19	24,12
4,061	5,17	24,12
4,062	5,20	24,12
4,062	5,21	24,12
4,063	5,20	24,12
4,061	5,20	24,12
4,062	5,19	24,12
4,059	5,20	24,12
4,060	5,20	24,12
4,061	5,20	24,12
4,060	5,21	24,12
4,061	5,20	24,12
4,060	5,20	24,12
4,061	5,21	24,12
4,060	5,19	24,12
4,062	5,20	24,12
4,062	5,21	24,12
4,061	5,19	24,12
4,061	5,19	24,12
4,061	5,20	24,12
4,063	5,20	24,12
4,062	5,19	24,12
4,063	5,16	24,12
4,062	5,20	24,12
4,061	5,20	24,12
4,060	5,19	24,12
4,062	5,20	24,12
4,058	5,19	24,12
4,061	5,21	24,12
4,063	5,16	24,12
4,062	5,20	24,12
4,061	5,18	24,12
4,061	5,20	24,12
4,060	5,19	24,12
4,062	5,20	24,12
4,061	5,19	24,12
4,062	5,20	24,12
4,060	5,19	24,12
4,061	5,18	24,12
4,059	5,20	24,12
4,059	5,18	24,12
4,062	5,18	24,12
4,061	5,18	24,12
4,059	5,20	24,12
4,061	5,20	24,12
4,061	5,19	24,12
4,061	5,18	24,12
4,060	5,17	24,12
4,061	5,19	24,12
4,059	5,20	24,12
4,060	5,19	24,12
4,060	5,18	24,12
4,060	5,20	24,12
4,059	5,19	24,12
4,060	5,20	24,12
4,061	5,19	24,12
4,061	5,19	24,12
4,059	5,19	24,12
4,061	5,20	24,12
4,060	5,20	24,12
4,058	5,19	24,12
4,060	5,21	24,12
4,060	5,21	24,12
4,060	5,21	24,12
4,060	5,19	24,12
4,059	5,18	24,12
4,059	5,21	24,12
4,060	5,19	24,12
4,060	5,19	24,12
4,059	5,21	24,12
4,060	5,21	24,12
4,058	5,20	24,12
4,059	5,21	24,12
4,059	5,20	24,12
4,060	5,18	24,12
4,058	5,19	24,12
4,060	5,19	24,12
4,061	5,20	24,12
4,061	5,19	24,12
4,060	5,20	24,11
4,062	5,19	24,12
4,061	5,19	24,12
4,060	5,20	24,12
4,059	5,19	24,11
4,061	5,20	24,11
4,059	5,20	24,11
4,061	5,20	24,11
4,058	5,19	24,11
4,058	5,20	24,11
4,059	5,19	24,12
4,060	5,18	24,11
4,058	5,21	24,11
4,060	5,20	24,11
4,061	5,19	24,11
4,059	5,20	24,11
4,060	5,18	24,11
4,059	5,20	24,11
4,058	5,20	24,11
4,060	5,18	24,11
4,061	5,19	24,11
4,058	5,21	24,11
4,059	5,19	24,11
4,061	5,20	24,11
4,058	5,20	24,11
4,060	5,22	24,11
4,058	5,20	24,11
4,061	5,20	24,11
4,059	5,19	24,11
4,057	5,17	24,11
4,059	5,19	24,11
4,058	5,19	24,11
4,060	5,21	24,11
4,060	5,20	24,11
4,060	5,19	24,11
4,060	5,21	24,11
4,060	5,19	24,11
4,061	5,19	24,11
4,058	5,19	24,11
4,058	5,20	24,11
4,058	5,17	24,11
4,060	5,20	24,11
4,058	5,19	24,11
4,058	5,19	24,11
4,060	5,19	24,11
4,058	5,18	24,11
4,060	5,20	24,11
4,058	5,20	24,11
4,059	5,20	24,11
4,060	5,20	24,11
4,060	5,21	24,11
4,060	5,20	24,11
4,060	5,22	24,11
4,059	5,19	24,11
4,058	5,21	24,11
4,058	5,21	24,11
4,057	5,20	24,11
4,060	5,19	24,11
4,057	5,19	24,11
4,058	5,20	24,11
4,060	5,20	24,11
4,060	5,20	24,11
4,057	5,20	24,11
4,059	5,20	24,11
4,059	5,19	24,11
4,058	5,18	24,11
4,059	5,20	24,11
4,057	5,19	24,11
4,058	5,20	24,11
4,058	5,19	24,11
4,059	5,19	24,11
4,058	5,19	24,11
4,059	5,21	24,11
4,061	5,19	24,11
4,058	5,19	24,11
4,059	5,19	24,11
4,058	5,20	24,11
4,056	5,22	24,11
4,060	5,18	24,11
4,056	5,19	24,11
4,060	5,19	24,11
4,057	5,22	24,11
4,060	5,19	24,11
4,059	5,19	24,11
4,060	5,20	24,11
4,060	5,18	24,11
4,058	5,18	24,11
4,060	5,19	24,11
4,061	5,20	24,11
4,059	5,22	24,11
4,058	5,21	24,11
4,059	5,21	24,11
4,057	5,19	24,11
4,060	5,18	24,11
4,059	5,20	24,11
4,057	5,19	24,11
4,060	5,20	24,11
4,056	5,18	24,11
4,057	5,19	24,11
4,058	5,19	24,11
4,059	5,19	24,11
4,057	5,20	24,11
4,059	5,19	24,11
4,058	5,20	24,11
4,058	5,18	24,11
4,059	5,19	24,11
4,059	5,18	24,11
4,057	5,20	24,11
4,057	5,20	24,11
4,056	5,20	24,11
4,058	5,19	24,11
4,057	5,21	24,11
4,058	5,19	24,11
4,058	5,19	24,11
4,059	5,19	24,11
4,058	5,21	24,11
4,058	5,20	24,11
4,059	5,20	24,11
4,058	5,19	24,11
4,059	5,19	24,11
4,060	5,19	24,11
4,061	5,20	24,11
4,058	5,18	24,11
4,057	5,18	24,11
4,058	5,21	24,11
4,059	5,21	24,11
4,058	5,20	24,11
4,060	5,21	24,11
4,058	5,20	24,11
4,057	5,20	24,11
4,056	5,19	24,11
4,057	5,19	24,11
4,057	5,20	24,11
4,057	5,21	24,11
4,058	5,20	24,11
4,059	5,20	24,11
4,058	5,21	24,11
4,056	5,21	24,11
4,058	5,20	24,11
4,058	5,19	24,11
4,057	5,20	24,11
4,059	5,19	24,11
4,058	5,19	24,11
4,058	5,21	24,11
4,057	5,20	24,11
4,058	5,20	24,11
4,057	5,20	24,11
4,057	5,19	24,11
4,057	5,20	24,11
4,059	5,20	24,11
4,057	5,20	24,11
4,057	5,20	24,11
4,057	5,19	24,11
4,057	5,19	24,11
4,057	5,19	24,11
4,057	5,20	24,11
4,057	5,19	24,11
4,057	5,20	24,11
4,058	5,19	24,11
4,058	5,20	24,11
4,058	5,19	24,11
4,058	5,18	24,11
4,059	5,19	24,11
4,057	5,20	24,11
4,057	5,19	24,11
4,057	5,20	24,11
4,056	5,18	24,11
4,059	5,19	24,11
4,058	5,18	24,11
4,057	5,20	24,11
4,057	5,22	24,11
4,056	5,21	24,11
4,060	5,19	24,11
4,058	5,17	24,11
4,058	5,20	24,11
4,056	5,20	24,11
4,058	5,18	24,11
4,058	5,18	24,11
4,058	5,18	24,11
4,057	5,19	24,11
4,058	5,21	24,11
4,056	5,19	24,11
4,058	5,19	24,11
4,058	5,22	24,11
4,055	5,19	24,11
4,056	5,20	24,11
4,058	5,21	24,11
4,058	5,21	24,11
4,057	5,19	24,11
4,058	5,19	24,11
4,058	5,19	24,11
4,056	5,19	24,11
4,055	5,20	24,11
4,055	5,21	24,11
4,057	5,19	24,11
4,056	5,20	24,11
4,058	5,19	24,11
4,058	5,19	24,11
4,058	5,19	24,11
4,057	5,20	24,11
4,056	5,19	24,11
4,057	5,18	24,11
4,057	5,18	24,11
4,057	5,16	24,11
4,057	5,21	24,11
4,055	5,19	24,11
4,056	5,19	24,11
4,056	5,20	24,11
4,055	5,20	24,11
4,056	5,18	24,11
4,057	5,20	24,11
4,057	5,19	24,11
4,057	5,20	24,11
4,057	5,20	24,11
4,058	5,19	24,11
4,056	5,20	24,11
4,056	5,19	24,11
4,055	5,21	24,11
4,056	5,18	24,11
4,056	5,20	24,11
4,057	5,20	24,11
4,055	5,19	24,11
4,056	5,18	24,11
4,058	5,19	24,11
4,055	5,19	24,11
4,058	5,20	24,11
4,056	5,20	24,11
4,057	5,19	24,11
4,058	5,20	24,11
4,058	5,19	24,11
4,055	5,22	24,11
4,057	5,20	24,11
4,055	5,19	24,11
4,059	5,19	24,11
4,056	5,19	24,11
4,055	5,19	24,11
4,056	5,21	24,11
4,057	5,19	24,11
4,057	5,20	24,11
4,056	5,20	24,11
4,058	5,20	24,11
4,054	5,18	24,11
4,057	5,18	24,11
4,056	5,18	24,11
4,057	5,19	24,11
4,057	5,20	24,11
4,056	5,19	24,11
4,057	5,20	24,11
4,057	5,20	24,11
4,055	5,18	24,11
4,056	5,19	24,11
4,057	5,19	24,11
4,057	5,21	24,11
4,058	5,19	24,11
4,056	5,19	24,11
4,056	5,22	24,11
4,057	5,21	24,11
4,057	5,19	24,11
4,055	5,19	24,11
4,054	5,20	24,11
4,056	5,20	24,11
4,054	5,18	24,11
4,057	5,19	24,11
4,058	5,19	24,11
4,055	5,19	24,11
4,056	5,21	24,11
4,056	5,21	24,11
4,056	5,18	24,11
4,056	5,20	24,11
4,055	5,18	24,11
4,054	5,19	24,11
4,055	5,19	24,11
4,057	5,20	24,11
4,057	5,20	24,11
4,057	5,18	24,11
4,056	5,19	24,11
4,056	5,19	24,10
4,056	5,20	24,11
4,055	5,20	24,10
4,055	5,20	24,10
4,055	5,20	24,10
4,056	5,21	24,10
4,056	5,22	24,10
4,054	5,20	24,10
4,057	5,19	24,10
4,056	5,18	24,10
4,056	5,18	24,10
4,056	5,20	24,10
4,057	5,21	24,10
4,055	5,21	24,10
4,054	5,21	24,10
4,055	5,20	24,10
4,055	5,18	24,10
4,055	5,20	24,10
4,055	5,20	24,10
4,056	5,21	24,10
4,055	5,20	24,10
4,055	5,19	24,10
4,054	5,20	24,10
4,055	5,20	24,10
4,056	5,20	24,10
4,054	5,19	24,10
4,054	5,20	24,10
4,056	5,18	24,10
4,055	5,20	24,10
4,059	5,20	24,10
4,056	5,21	24,10
4,057	5,20	24,10
4,056	5,18	24,10
4,055	5,19	24,10
4,056	5,19	24,10
4,054	5,19	24,10
4,056	5,19	24,10
4,055	5,19	24,10
4,056	5,19	24,10
4,055	5,20	24,10
4,055	5,18	24,10
4,055	5,18	24,10
4,055	5,19	24,10
4,056	5,19	24,10
4,054	5,19	24,10
4,056	5,19	24,10
4,058	5,20	24,10
4,056	5,17	24,10
4,055	5,19	24,10
4,055	5,19	24,10
4,054	5,20	24,10
4,056	5,18	24,10
4,056	5,20	24,10
4,054	5,19	24,10
4,055	5,17	24,10
4,057	5,19	24,10
4,057	5,20	24,10
4,054	5,18	24,10
4,056	5,19	24,10
4,054	5,19	24,10
4,055	5,17	24,10
4,055	5,18	24,10
4,056	5,21	24,10
4,054	5,20	24,10
4,056	5,20	24,10
4,055	5,22	24,10
4,055	5,18	24,10
4,054	5,18	24,10
4,055	5,20	24,10
4,056	5,19	24,10
4,055	5,20	24,10
4,055	5,20	24,10
4,056	5,19	24,10
4,057	5,21	24,10
4,055	5,20	24,10
4,056	5,20	24,10
4,055	5,20	24,10
4,057	5,19	24,10
4,055	5,18	24,10
4,056	5,18	24,10
4,056	5,19	24,10
4,056	5,19	24,10
4,056	5,21	24,10
4,055	5,18	24,10
4,055	5,20	24,10
4,055	5,21	24,10
4,054	5,21	24,10
4,056	5,20	24,10
4,055	5,19	24,10
4,055	5,19	24,10
4,054	5,18	24,10
4,054	5,20	24,10
4,053	5,20	24,10
4,055	5,21	24,10
4,054	5,18	24,10
4,056	5,20	24,10
4,054	5,20	24,10
4,056	5,20	24,10
4,054	5,20	24,10
4,055	5,19	24,10
4,055	5,21	24,10
4,056	5,19	24,10
4,054	5,19	24,10
4,056	5,18	24,10
4,053	5,20	24,10
4,055	5,21	24,10
4,055	5,21	24,10
4,054	5,20	24,10
4,054	5,20	24,10
4,054	5,20	24,10
4,055	5,17	24,10
4,054	5,20	24,10
4,054	5,19	24,10
4,054	5,20	24,10
4,054	5,19	24,10
4,056	5,20	24,10
4,054	5,19	24,10
4,055	5,19	24,10
4,054	5,20	24,10
4,052	5,21	24,10
4,054	5,19	24,10
4,054	5,19	24,10
4,056	5,19	24,10
4,055	5,19	24,10
4,054	5,19	24,10
4,053	5,21	24,10
4,053	5,19	24,10
4,055	5,19	24,10
4,054	5,19	24,10
4,055	5,18	24,10
4,055	5,19	24,10
4,054	5,20	24,10
4,056	5,19	24,10
4,054	5,18	24,10
4,055	5,20	24,10
4,055	5,18	24,10
4,054	5,19	24,10
4,054	5,19	24,10
4,056	5,19	24,10
4,055	5,20	24,10
4,056	5,20	24,10
4,053	5,20	24,10
4,056	5,20	24,10
4,054	5,19	24,10
4,055	5,20	24,10
4,054	5,19	24,10
4,052	5,19	24,10
4,055	5,21	24,10
4,054	5,19	24,10
4,054	5,20	24,10
4,054	5,18	24,10
4,055	5,22	24,10
4,053	5,20	24,10
4,055	5,21	24,10
4,054	5,20	24,10
4,052	5,20	24,10
4,055	5,17	24,10
4,055	5,19	24,10
4,054	5,20	24,10
4,053	5,19	24,10
4,054	5,19	24,10
4,053	5,19	24,10
4,054	5,20	24,10
4,055	5,19	24,10
4,055	5,21	24,10
4,054	5,19	24,10
4,055	5,19	24,10
4,055	5,18	24,10
4,053	5,19	24,10
4,055	5,19	24,10
4,054	5,19	24,10
4,056	5,21	24,10
4,054	5,20	24,10
4,053	5,20	24,10
4,055	5,18	24,10
4,056	5,20	24,10
4,056	5,20	24,10
4,054	5,21	24,10
4,054	5,21	24,10
4,054	5,20	24,10
4,055	5,20	24,10
4,053	5,18	24,10
4,053	5,21	24,10
4,054	5,19	24,10
4,055	5,20	24,10
4,054	5,18	24,10
4,054	5,20	24,10
4,054	5,18	24,10
4,053	5,20	24,10
4,055	5,22	24,10
4,055	5,19	24,10
4,055	5,20	24,10
4,054	5,18	24,10
4,053	5,19	24,10
4,054	5,18	24,10
4,054	5,19	24,10
4,054	5,19	24,10
4,053	5,21	24,10
4,055	5,21	24,10
4,055	5,20	24,10
4,054	5,20	24,10
4,053	5,21	24,10
4,055	5,19	24,10
4,054	5,19	24,10
4,055	5,19	24,10
4,054	5,18	24,10
4,054	5,18	24,10
4,054	5,18	24,10
4,054	5,19	24,10
4,054	5,22	24,10
4,056	5,20	24,10
4,054	5,18	24,10
4,054	5,19	24,10
4,055	5,19	24,10
4,054	5,20	24,10
4,052	5,20	24,10
4,052	5,19	24,10
4,055	5,19	24,10
4,053	5,20	24,10
4,054	5,20	24,10
4,055	5,19	24,10
4,056	5,19	24,10
4,052	5,19	24,10
4,054	5,18	24,10
4,053	5,20	24,10
4,053	5,20	24,10
4,054	5,19	24,10
4,054	5,20	24,10
4,055	5,20	24,10
4,053	5,21	24,10
4,052	5,17	24,10
4,053	5,21	24,10
4,054	5,19	24,10
4,053	5,19	24,10
4,053	5,18	24,10
4,054	5,19	24,10
4,054	5,17	24,10
4,052	5,19	24,10
4,054	5,22	24,10
4,053	5,20	24,10
4,054	5,17	24,10
4,054	5,18	24,10
4,052	5,21	24,10
4,051	5,18	24,10
4,054	5,21	24,10
4,052	5,18	24,10
4,051	5,20	24,10
4,052	5,19	24,10
4,054	5,19	24,10
4,054	5,20	24,10
4,053	5,20	24,10
4,052	5,20	24,10
4,053	5,19	24,10
4,052	5,21	24,10
4,053	5,18	24,10
4,054	5,20	24,10
4,055	5,20	24,10
4,054	5,20	24,10
4,052	5,18	24,10
4,053	5,19	24,10
4,055	5,20	24,10
4,053	5,19	24,10
4,053	5,19	24,10
4,053	5,22	24,10
4,053	5,21	24,10
4,054	5,20	24,10
4,053	5,20	24,10
4,053	5,22	24,10
4,054	5,20	24,10
4,055	5,19	24,10
4,053	5,20	24,10
4,055	5,20	24,10
4,054	5,20	24,10
4,054	5,19	24,10
4,053	5,20	24,10
4,053	5,21	24,10
4,051	5,20	24,10
4,052	5,18	24,10
4,053	5,21	24,10
4,054	5,19	24,10
4,053	5,20	24,10
4,053	5,19	24,10
4,052	5,19	24,10
4,053	5,19	24,10
4,053	5,19	24,10
4,053	5,21	24,10
4,053	5,18	24,10
4,054	5,19	24,10
4,053	5,20	24,10
4,053	5,20	24,10
4,052	5,20	24,10
4,053	5,20	24,10
4,053	5,19	24,10
4,051	5,19	24,10
4,051	5,20	24,10
4,054	5,19	24,10
4,054	5,20	24,10
4,054	5,20	24,10
4,053	5,20	24,10
4,051	5,19	24,10
4,053	5,21	24,10
4,053	5,19	24,10
4,053	5,19	24,10
4,052	5,21	24,10
4,053	5,20	24,10
4,054	5,21	24,10
4,053	5,20	24,10
4,053	5,19	24,10
4,052	5,19	24,10
4,052	5,21	24,10
4,053	5,20	24,10
4,054	5,20	24,10
4,054	5,18	24,10
4,053	5,19	24,10
4,053	5,18	24,10
4,053	5,18	24,10
4,053	5,19	24,10
4,054	5,18	24,10
4,053	5,21	24,10
4,052	5,20	24,10
4,054	5,19	24,10
4,053	5,18	24,10
4,054	5,19	24,10
4,051	5,19	24,10
4,053	5,19	24,10
4,053	5,19	24,10
4,053	5,20	24,10
4,054	5,20	24,10
4,052	5,20	24,10
4,051	5,19	24,10
4,053	5,21	24,10
4,054	5,20	24,10
4,053	5,20	24,10
4,052	5,21	24,10
4,053	5,19	24,10
4,051	5,20	24,10
4,052	5,18	24,10
4,054	5,19	24,10
4,052	5,21	24,10
4,052	5,20	24,10
4,055	5,20	24,10
4,052	5,18	24,10
4,052	5,20	24,10
4,052	5,19	24,10
4,053	5,20	24,10
4,051	5,19	24,10
4,052	5,19	24,10
4,052	5,18	24,10
4,051	5,19	24,10
4,054	5,19	24,10
4,052	5,20	24,10
4,052	5,20	24,10
4,054	5,19	24,10
4,053	5,19	24,10
4,053	5,19	24,10
4,054	5,19	24,10
4,053	5,22	24,10
4,052	5,18	24,10
4,052	5,19	24,10
4,052	5,20	24,10
4,053	5,20	24,10
4,054	5,20	24,10
4,053	5,19	24,10
4,053	5,19	24,10
4,054	5,18	24,10
4,053	5,19	24,10
4,052	5,20	24,10
4,051	5,21	24,10
4,050	5,17	24,10
4,053	5,19	24,10
4,051	5,20	24,10
4,052	5,18	24,10
4,053	5,21	24,10
4,051	5,20	24,10
4,051	5,21	24,10
4,051	5,18	24,10
4,054	5,20	24,10
4,052	5,20	24,10
4,053	5,19	24,10
4,050	5,22	24,10
4,054	5,19	24,10
4,051	5,19	24,10
4,053	5,20	24,10
4,052	5,20	24,10
4,051	5,19	24,10
4,051	5,19	24,10
4,052	5,20	24,10
4,050	5,18	24,10
4,050	5,18	24,10
4,053	5,21	24,10
4,052	5,20	24,10
4,052	5,19	24,10
4,053	5,20	24,10
4,054	5,20	24,10
4,050	5,19	24,10
4,054	5,20	24,10
4,053	5,18	24,10
4,053	5,19	24,10
4,052	5,19	24,10
4,052	5,20	24,10
4,052	5,20	24,10
4,053	5,20	24,10
4,053	5,20	24,10
4,052	5,17	24,10
4,052	5,19	24,10
4,053	5,20	24,10
4,052	5,20	24,10
4,053	5,19	24,10
4,051	5,18	24,10
4,052	5,19	24,10
4,053	5,18	24,10
4,051	5,19	24,10
4,052	5,19	24,10
4,052	5,20	24,10
4,053	5,21	24,10
4,052	5,19	24,10
4,051	5,18	24,10
4,052	5,19	24,10
4,052	5,18	24,10
4,051	5,17	24,10
4,048	5,18	24,10
4,054	5,18	24,10
4,052	5,20	24,10
4,050	5,18	24,10
4,053	5,19	24,10
4,051	5,19	24,10
4,051	5,20	24,10
4,054	5,18	24,10
4,052	5,20	24,10
4,053	5,22	24,10
4,050	5,20	24,10
4,050	5,19	24,10
4,051	5,20	24,10
4,050	5,18	24,10
4,053	5,19	24,10
4,052	5,19	24,10
4,052	5,19	24,10
4,051	5,20	24,10
4,051	5,20	24,10
4,050	5,18	24,10
4,053	5,18	24,10
4,053	5,19	24,10
4,049	5,18	24,10
4,053	5,20	24,10
4,051	5,20	24,10
4,050	5,19	24,10
4,051	5,19	24,10
4,051	5,18	24,10
4,052	5,20	24,10
4,052	5,20	24,10
4,052	5,17	24,10
4,051	5,19	24,10
4,052	5,18	24,10
4,052	5,20	24,10
4,052	5,21	24,10
4,049	5,20	24,10
4,051	5,21	24,10
4,052	5,18	24,10
4,053	5,21	24,10
4,052	5,20	24,10
4,051	5,19	24,10
4,051	5,18	24,10
4,050	5,18	24,10
4,051	5,20	24,10
4,051	5,20	24,10
4,051	5,20	24,10
4,050	5,18	24,10
4,052	5,21	24,10
4,051	5,20	24,10
4,052	5,18	24,10
4,052	5,18	24,10
4,052	5,20	24,10
4,052	5,19	24,10
4,052	5,21	24,10
4,051	5,21	24,10
4,050	5,20	24,10
4,051	5,20	24,10
4,051	5,19	24,10
4,053	5,19	24,10
4,050	5,20	24,10
4,050	5,21	24,10
4,053	5,20	24,10
4,052	5,19	24,10
4,052	5,20	24,10
4,052	5,20	24,10
4,052	5,21	24,10
4,052	5,19	24,10
4,053	5,18	24,10
4,054	5,20	24,10
4,053	5,20	24,10
4,052	5,21	24,10
4,051	5,19	24,10
4,050	5,19	24,10
4,052	5,19	24,10
4,051	5,20	24,10
4,051	5,19	24,10
4,052	5,18	24,10
4,051	5,20	24,10
4,051	5,21	24,10
4,050	5,19	24,10
4,051	5,20	24,10
4,052	5,20	24,10
4,052	5,19	24,10
4,050	5,20	24,10
4,051	5,19	24,10
4,051	5,20	24,10
4,052	5,20	24,10
4,052	5,19	24,10
4,051	5,20	24,10
4,052	5,20	24,10
4,050	5,20	24,10
4,053	5,19	24,10
4,049	5,21	24,10
4,050	5,21	24,10
4,053	5,19	24,10
4,053	5,20	24,10
4,051	5,17	24,10
4,052	5,21	24,10
4,051	5,19	24,10
4,052	5,18	24,10
4,052	5,20	24,10
4,052	5,19	24,10
4,051	5,19	24,10
4,051	5,19	24,10
4,052	5,19	24,10
4,049	5,18	24,10
4,052	5,19	24,10
4,052	5,20	24,10
4,051	5,19	24,10
4,051	5,20	24,10
4,051	5,19	24,10
4,051	5,20	24,10
4,052	5,21	24,10
4,051	5,21	24,10
4,052	5,18	24,10
4,051	5,20	24,10
4,050	5,17	24,10
4,052	5,19	24,10
4,050	5,21	24,10
4,052	5,19	24,10
4,053	5,20	24,10
4,052	5,20	24,10
4,052	5,20	24,10
4,052	5,20	24,10
4,053	5,19	24,10
4,052	5,21	24,10
4,050	5,19	24,10
4,051	5,20	24,10
4,051	5,18	24,10
4,051	5,20	24,10
4,050	5,19	24,10
4,051	5,21	24,10
4,050	5,19	24,10
4,049	5,19	24,10
4,052	5,19	24,10
4,052	5,19	24,10
4,051	5,20	24,10
4,051	5,19	24,10
4,050	5,20	24,10
4,050	5,21	24,10
4,051	5,19	24,10
4,052	5,20	24,10
4,053	5,20	24,10
4,053	5,20	24,10
4,051	5,21	24,10
4,050	5,18	24,10
4,051	5,18	24,10
4,051	5,20	24,10
4,052	5,18	24,10
4,052	5,19	24,10
4,052	5,19	24,10
4,051	5,19	24,10
4,052	5,19	24,10
4,050	5,19	24,10
4,051	5,19	24,10
4,052	5,17	24,10
4,052	5,20	24,10
4,051	5,20	24,10
4,052	5,20	24,10
4,049	5,20	24,10
4,050	5,20	24,10
4,050	5,20	24,10
4,050	5,20	24,10
4,053	5,20	24,10
4,050	5,19	24,10
4,050	5,20	24,10
4,053	5,21	24,10
4,052	5,21	24,10
4,051	5,21	24,10
4,051	5,18	24,10
4,050	5,18	24,10
4,050	5,20	24,10
4,049	5,18	24,10
4,052	5,20	24,10
4,052	5,20	24,10
4,050	5,21	24,10
4,050	5,19	24,10
4,050	5,19	24,10
4,050	5,21	24,10
4,051	5,19	24,10
4,050	5,19	24,10
4,050	5,18	24,10
4,050	5,21	24,10
4,052	5,21	24,10
4,050	5,20	24,10
4,051	5,20	24,10
4,052	5,21	24,10
4,051	5,18	24,10
4,050	5,19	24,10
4,051	5,17	24,10
4,051	5,19	24,10
4,052	5,21	24,10
4,048	5,20	24,10
4,052	5,19	24,10
4,050	5,19	24,10
4,050	5,20	24,10
4,051	5,20	24,10
4,052	5,21	24,10
4,050	5,20	24,10
4,049	5,18	24,10
4,049	5,18	24,10
4,050	5,19	24,10
4,051	5,19	24,10
4,050	5,19	24,10
4,051	5,20	24,10
4,052	5,20	24,10
4,050	5,18	24,10
4,050	5,19	24,10
4,050	5,20	24,10
4,050	5,19	24,10
4,050	5,18	24,10
4,051	5,20	24,10
4,049	5,22	24,10
4,049	5,20	24,10
4,049	5,21	24,10
4,050	5,19	24,10
4,050	5,21	24,10
4,051	5,20	24,10
4,051	5,20	24,10
4,052	5,19	24,10
4,049	5,20	24,10
4,051	5,21	24,10
4,051	5,20	24,10
4,051	5,19	24,10
4,050	5,18	24,10
4,050	5,19	24,10
4,051	5,18	24,10
4,051	5,21	24,10
4,050	5,18	24,10
4,051	5,20	24,10
4,051	5,20	24,10
4,050	5,19	24,10
4,051	5,20	24,10
4,048	5,21	24,10
4,051	5,20	24,10
4,052	5,20	24,10
4,051	5,21	24,10
4,051	5,22	24,10
4,049	5,19	24,10
4,051	5,20	24,10
4,049	5,20	24,10
4,051	5,17	24,10
4,049	5,20	24,10
4,049	5,19	24,10
4,050	5,20	24,10
4,052	5,20	24,10
4,051	5,18	24,10
4,052	5,19	24,10
4,051	5,19	24,10
4,051	5,20	24,10
4,051	5,19	24,10
4,050	5,19	24,10
4,051	5,19	24,10
4,050	5,19	24,10
4,051	5,20	24,10
4,049	5,18	24,10
4,051	5,19	24,10
4,051	5,19	24,10
4,051	5,19	24,10
4,051	5,20	24,10
4,051	5,21	24,10
4,050	5,17	24,10
4,049	5,19	24,10
4,051	5,19	24,10
4,049	5,20	24,10
4,050	5,18	24,10
4,051	5,19	24,10
4,050	5,17	24,10
4,051	5,17	24,10
4,048	5,19	24,10
4,049	5,20	24,10
4,051	5,21	24,10
4,049	5,19	24,10
4,051	5,17	24,10
4,050	5,19	24,10
4,051	5,19	24,10
4,051	5,18	24,10
4,049	5,20	24,10
4,051	5,20	24,10
4,051	5,18	24,10
4,050	5,20	24,10
4,049	5,19	24,10
4,048	5,19	24,10
4,049	5,19	24,10
4,049	5,20	24,10
4,048	5,20	24,10
4,048	5,19	24,10
4,051	5,21	24,10
4,050	5,21	24,10
4,049	5,20	24,10
4,050	5,19	24,10
4,047	5,19	24,10
4,049	5,20	24,10
4,050	5,22	24,10
4,049	5,18	24,10
4,050	5,21	24,10
4,050	5,21	24,10
4,050	5,21	24,10
4,050	5,20	24,10
4,050	5,19	24,10
4,050	5,19	24,10
4,049	5,20	24,10
4,050	5,20	24,10
4,049	5,20	24,10
4,050	5,21	24,10
4,049	5,19	24,10
4,051	5,20	24,10
4,049	5,19	24,10
4,048	5,20	24,10
4,050	5,19	24,10
4,050	5,19	24,10
4,046	5,21	24,10
4,050	5,21	24,10
4,049	5,19	24,10
4,049	5,20	24,10
4,049	5,20	24,10
4,050	5,20	24,10
4,051	5,18	24,10
4,050	5,19	24,10
4,047	5,19	24,10
4,049	5,21	24,10
4,050	5,19	24,10
4,050	5,21	24,10
4,050	5,18	24,10
4,051	5,20	24,10
4,053	5,18	24,10
4,048	5,18	24,10
4,049	5,20	24,10
4,051	5,21	24,10
4,051	5,18	24,10
4,050	5,20	24,10
4,049	5,19	24,10
4,050	5,20	24,10
4,050	5,19	24,10
4,050	5,20	24,10
4,048	5,18	24,10
4,049	5,19	24,10
4,049	5,20	24,10
4,050	5,19	24,10
4,051	5,20	24,10
4,050	5,20	24,10
4,051	5,20	24,10
4,052	5,19	24,10
4,050	5,19	24,10
4,050	5,18	24,10
4,051	5,20	24,10
4,051	5,19	24,10
4,048	5,19	24,10
4,050	5,19	24,10
4,050	5,20	24,10
4,048	5,20	24,10
4,049	5,19	24,10
4,050	5,19	24,10
4,050	5,20	24,10
4,049	5,20	24,10
4,050	5,20	24,10
4,050	5,20	24,10
4,049	5,18	24,10
4,049	5,19	24,10
4,050	5,19	24,10
4,048	5,20	24,10
4,049	5,20	24,10
4,048	5,19	24,10
4,050	5,19	24,10
4,049	5,19	24,10
4,050	5,20	24,10
4,048	5,19	24,10
4,049	5,19	24,10
4,048	5,20	24,10
4,049	5,20	24,10
4,050	5,21	24,10
4,049	5,21	24,10
4,050	5,19	24,10
4,048	5,19	24,10
4,049	5,19	24,10
4,049	5,20	24,10
4,050	5,19	24,10
4,050	5,18	24,10
4,049	5,21	24,10
4,049	5,18	24,10
4,050	5,20	24,10
4,048	5,19	24,10
4,049	5,21	24,10
4,049	5,18	24,10
4,050	5,17	24,10
4,049	5,18	24,10
4,049	5,19	24,10
4,050	5,18	24,10
4,049	5,19	24,10
4,048	5,20	24,10
4,048	5,20	24,10
4,049	5,20	24,10
4,049	5,20	24,10
4,049	5,20	24,10
4,050	5,20	24,10
4,048	5,19	24,10
4,050	5,19	24,10
4,051	5,20	24,10
4,050	5,19	24,10
4,050	5,18	24,10
4,050	5,19	24,10
4,050	5,18	24,10
4,049	5,21	24,10
4,049	5,18	24,10
4,048	5,18	24,10
4,049	5,19	24,10
4,050	5,19	24,10
4,049	5,20	24,10
4,049	5,19	24,10
4,049	5,20	24,10
4,049	5,19	24,10
4,051	5,20	24,10
4,049	5,20	24,10
4,048	5,20	24,10
4,049	5,17	24,10
4,049	5,18	24,10
4,049	5,21	24,10
4,049	5,20	24,10
4,050	5,19	24,10
4,049	5,19	24,10
4,051	5,21	24,10
4,050	5,18	24,10
4,048	5,20	24,10
4,046	5,21	24,10
4,048	5,18	24,10
4,049	5,19	24,10
4,048	5,21	24,10
4,049	5,18	24,10
4,047	5,19	24,10
4,047	5,20	24,10
4,048	5,21	24,10
4,050	5,20	24,10
4,048	5,19	24,10
4,050	5,21	24,10
4,049	5,20	24,10
4,048	5,22	24,10
4,050	5,19	24,10
4,047	5,19	24,10
4,049	5,20	24,10
4,048	5,19	24,10
4,050	5,18	24,10
4,049	5,19	24,10
4,048	5,20	24,10
4,048	5,20	24,10
4,051	5,18	24,10
4,048	5,21	24,10
4,050	5,20	24,10
4,050	5,19	24,10
4,049	5,20	24,10
4,048	5,18	24,10
4,049	5,20	24,10
4,048	5,19	24,10
4,050	5,18	24,10
4,051	5,20	24,10
4,047	5,21	24,10
4,049	5,20	24,10
4,049	5,21	24,10
4,049	5,17	24,10
4,047	5,18	24,10
4,048	5,19	24,10
4,050	5,19	24,10
4,049	5,20	24,10
4,049	5,20	24,10
4,050	5,19	24,10
4,049	5,19	24,10
4,049	5,21	24,10
4,048	5,20	24,10
4,048	5,19	24,10
4,050	5,19	24,10
4,050	5,20	24,10
4,049	5,20	24,10
4,048	5,21	24,10
4,048	5,18	24,10
4,049	5,20	24,10
4,049	5,21	24,10
4,050	5,20	24,10
4,050	5,21	24,10
4,048	5,20	24,10
4,048	5,18	24,10
4,048	5,18	24,10
4,049	5,21	24,10
4,046	5,20	24,10
4,048	5,21	24,10
4,048	5,20	24,10
4,051	5,23	24,10
4,051	5,20	24,10
4,049	5,19	24,10
4,049	5,20	24,10
4,048	5,19	24,10
4,049	5,20	24,10
4,050	5,19	24,10
4,047	5,20	24,10
4,048	5,20	24,10
4,049	5,20	24,10
4,049	5,20	24,10
4,049	5,19	24,10
4,050	5,22	24,10
4,048	5,20	24,10
4,048	5,19	24,10
4,048	5,19	24,10
4,048	5,21	24,10
4,049	5,19	24,10
4,048	5,19	24,10
4,047	5,21	24,10
4,048	5,21	24,10
4,049	5,20	24,10
4,049	5,20	24,10
4,048	5,18	24,10
4,049	5,20	24,10
4,047	5,20	24,10
4,047	5,21	24,10
4,048	5,20	24,10
4,050	5,18	24,10
4,047	5,21	24,10
4,047	5,18	24,10
4,049	5,20	24,10
4,048	5,19	24,10
4,048	5,21	24,10
4,048	5,20	24,10
4,050	5,21	24,10
4,049	5,18	24,10
4,048	5,20	24,10
4,048	5,19	24,10
4,048	5,18	24,10
4,048	5,18	24,10
4,048	5,20	24,10
4,048	5,20	24,10
4,049	5,19	24,10
4,048	5,19	24,10
4,048	5,21	24,10
4,047	5,20	24,10
4,050	5,20	24,10
4,048	5,20	24,10
4,049	5,17	24,10
4,049	5,20	24,10
4,049	5,21	24,10
4,047	5,20	24,10
4,050	5,20	24,10
4,048	5,19	24,10
4,048	5,21	24,10
4,049	5,19	24,10
4,047	5,21	24,10
4,050	5,18	24,10
4,048	5,21	24,10
4,048	5,20	24,10
4,049	5,19	24,10
4,050	5,20	24,10
4,047	5,19	24,10
4,048	5,20	24,10
4,049	5,20	24,10
4,049	5,20	24,10
4,048	5,20	24,10
4,049	5,20	24,10
4,048	5,20	24,10
4,049	5,18	24,10
4,049	5,20	24,10
4,048	5,20	24,10
4,049	5,23	24,10
4,049	5,18	24,10
4,047	5,21	24,10
4,047	5,20	24,10
4,048	5,20	24,10
4,048	5,18	24,10
4,048	5,22	24,10
4,050	5,20	24,10
4,049	5,21	24,10
4,048	5,20	24,10
4,048	5,18	24,10
4,049	5,17	24,10
4,048	5,20	24,10
4,048	5,21	24,10
4,048	5,20	24,10
4,049	5,20	24,10
4,047	5,19	24,10
4,045	5,21	24,10
4,048	5,19	24,10
4,049	5,17	24,10
4,049	5,16	24,10
4,047	5,19	24,10
4,048	5,20	24,10
4,048	5,21	24,10
4,048	5,20	24,10
4,050	5,19	24,10
4,049	5,19	24,10
4,050	5,17	24,10
4,049	5,20	24,10
4,048	5,22	24,10
4,049	5,22	24,10
4,048	5,20	24,10
4,048	5,20	24,10
4,048	5,20	24,10
4,049	5,19	24,10
4,048	5,18	24,10
4,048	5,19	24,10
4,048	5,22	24,10
4,048	5,16	24,10
4,049	5,20	24,10
4,048	5,19	24,10
4,049	5,18	24,10
4,049	5,19	24,10
4,049	5,20	24,10
4,047	5,19	24,10
4,049	5,19	24,10
4,049	5,20	24,10
4,048	5,20	24,10
4,049	5,20	24,10
4,047	5,20	24,10
4,047	5,19	24,10
4,047	5,20	24,10
4,048	5,19	24,10
4,049	5,20	24,10
4,048	5,20	24,10
4,048	5,19	24,10
4,048	5,20	24,10
4,049	5,20	24,10
4,048	5,18	24,10
4,050	5,20	24,10
4,048	5,19	24,10
4,049	5,18	24,10
4,047	5,22	24,10
4,046	5,19	24,10
4,049	5,19	24,10
4,048	5,18	24,10
4,048	5,20	24,10
4,047	5,20	24,10
4,046	5,20	24,10
4,048	5,19	24,10
4,047	5,18	24,10
4,050	5,21	24,10
4,047	5,17	24,10
4,048	5,22	24,10
4,047	5,19	24,10
4,049	5,17	24,10
4,047	5,21	24,10
4,049	5,19	24,10
4,050	5,18	24,10
4,049	5,20	24,10
4,047	5,19	24,10
4,046	5,21	24,10
4,048	5,20	24,10
4,048	5,20	24,10
4,047	5,21	24,10
4,047	5,18	24,10
4,048	5,21	24,10
4,048	5,21	24,10
4,046	5,20	24,10
4,046	5,19	24,10
4,048	5,18	24,10
4,046	5,20	24,10
4,047	5,20	24,10
4,048	5,19	24,10
4,048	5,20	24,10
4,048	5,19	24,10
4,048	5,20	24,10
4,049	5,19	24,10
4,049	5,18	24,10
4,047	5,19	24,10
4,047	5,19	24,10
4,047	5,19	24,10
4,048	5,20	24,10
4,048	5,16	24,10
4,048	5,18	24,10
4,049	5,18	24,10
4,046	5,19	24,10
4,048	5,21	24,10
4,047	5,20	24,10
4,048	5,19	24,10
4,045	5,20	24,10
4,048	5,19	24,10
4,047	5,19	24,10
4,049	5,19	24,10
4,048	5,21	24,10
4,048	5,19	24,10
4,047	5,20	24,10
4,047	5,16	24,10
4,049	5,18	24,10
4,046	5,21	24,10
4,047	5,20	24,10
4,048	5,18	24,10
4,048	5,18	24,10
4,048	5,18	24,10
4,048	5,20	24,10
4,047	5,19	24,10
4,048	5,20	24,10
4,047	5,21	24,10
4,049	5,21	24,10
4,047	5,19	24,10
4,047	5,20	24,10
4,048	5,19	24,10
4,048	5,19	24,10
4,047	5,19	24,10
4,048	5,19	24,10
4,049	5,21	24,10
4,047	5,18	24,10
4,047	5,20	24,10
4,048	5,20	24,10
4,046	5,18	24,10
4,048	5,19	24,10
4,049	5,20	24,10
4,046	5,19	24,10
4,048	5,19	24,10
4,048	5,20	24,10
4,048	5,19	24,10
4,047	5,17	24,10
4,046	5,18	24,10
4,048	5,20	24,10
4,047	5,20	24,10
4,048	5,21	24,10
4,048	5,19	24,10
4,048	5,18	24,10
4,047	5,19	24,10
4,048	5,17	24,10
4,048	5,21	24,10
4,047	5,20	24,10
4,048	5,20	24,10
4,047	5,21	24,10
4,046	5,19	24,10
4,047	5,20	24,10
4,048	5,20	24,10
4,047	5,20	24,10
4,045	5,22	24,10
4,048	5,22	24,10
4,048	5,20	24,10
4,047	5,18	24,10
4,048	5,20	24,10
4,047	5,19	24,10
4,046	5,20	24,10
4,047	5,20	24,10
4,047	5,18	24,10
4,048	5,18	24,10
4,046	5,22	24,10
4,047	5,21	24,10
4,048	5,21	24,10
4,046	5,19	24,10
4,047	5,19	24,10
4,047	5,21	24,10
4,047	5,21	24,10
4,047	5,20	24,10
4,047	5,21	24,10
4,047	5,19	24,10
4,048	5,20	24,10
4,048	5,19	24,10
4,048	5,20	24,10
4,047	5,21	24,10
4,048	5,20	24,10
4,047	5,20	24,10
4,049	5,20	24,10
4,048	5,19	24,10
4,047	5,19	24,10
4,046	5,19	24,10
4,046	5,21	24,10
4,048	5,21	24,10
4,048	5,20	24,10
4,047	5,21	24,10
4,048	5,19	24,10
4,047	5,19	24,10
4,046	5,20	24,10
4,046	5,22	24,10
4,047	5,18	24,10
4,047	5,18	24,10
4,047	5,16	24,10
4,045	5,20	24,10
4,049	5,18	24,10
4,048	5,20	24,10
4,046	5,20	24,10
4,048	5,20	24,10
4,047	5,22	24,10
4,047	5,21	24,10
4,047	5,18	24,10
4,048	5,20	24,10
4,047	5,18	24,10
4,046	5,18	24,10
4,048	5,19	24,10
4,046	5,19	24,10
4,047	5,20	24,10
4,046	5,20	24,10
4,047	5,20	24,10
4,046	5,20	24,10
4,048	5,21	24,10
4,046	5,19	24,10
4,047	5,21	24,10
4,047	5,22	24,10
4,047	5,20	24,10
4,047	5,19	24,10
4,049	5,19	24,10
4,047	5,21	24,10
4,047	5,17	24,10
4,048	5,22	24,10
4,047	5,16	24,10
4,046	5,19	24,10
4,047	5,18	24,10
4,048	5,22	24,10
4,047	5,19	24,10
4,047	5,20	24,10
4,047	5,18	24,10
4,048	5,19	24,10
4,047	5,20	24,10
4,048	5,18	24,10
4,047	5,20	24,10
4,047	5,21	24,10
4,048	5,21	24,10
4,046	5,21	24,10
4,048	5,20	24,10
4,047	5,19	24,10
4,048	5,20	24,10
4,046	5,19	24,10
4,046	5,19	24,10
4,046	5,20	24,10
4,046	5,19	24,10
4,047	5,18	24,10
4,049	5,19	24,10
4,047	5,20	24,10
4,047	5,21	24,10
4,044	5,20	24,10
4,048	5,21	24,10
4,045	5,17	24,10
4,045	5,21	24,10
4,047	5,18	24,10
4,046	5,21	24,10
4,044	5,18	24,10
4,048	5,20	24,10
4,046	5,20	24,10
4,047	5,19	24,10
4,047	5,20	24,10
4,046	5,20	24,10
4,046	5,16	24,10
4,046	5,19	24,10
4,046	5,20	24,10
4,047	5,18	24,10
4,045	5,19	24,10
4,047	5,20	24,10
4,048	5,19	24,10
4,047	5,21	24,10
4,046	5,19	24,10
4,048	5,22	24,10
4,046	5,20	24,10
4,045	5,20	24,10
4,047	5,20	24,10
4,046	5,19	24,10
4,047	5,20	24,10
4,049	5,19	24,10
4,047	5,20	24,10
4,046	5,22	24,10
4,045	5,20	24,10
4,047	5,17	24,10
4,046	5,22	24,10
4,046	5,18	24,10
4,046	5,18	24,10
4,047	5,20	24,10
4,046	5,19	24,10
4,045	5,21	24,10
4,047	5,21	24,10
4,047	5,20	24,10
4,046	5,22	24,10
4,048	5,18	24,10
4,047	5,19	24,10
4,048	5,19	24,10
4,047	5,16	24,10
4,048	5,19	24,10
4,045	5,19	24,10
4,047	5,17	24,10
4,048	5,18	24,10
4,046	5,22	24,10
4,046	5,21	24,10
4,045	5,19	24,10
4,047	5,20	24,10
4,048	5,18	24,10
4,046	5,19	24,10
4,045	5,17	24,10
4,047	5,20	24,10
4,048	5,17	24,10
4,046	5,21	24,10
4,048	5,18	24,10
4,047	5,19	24,10
4,046	5,21	24,10
4,047	5,21	24,10
4,048	5,19	24,10
4,048	5,18	24,10
4,046	5,20	24,10
4,047	5,21	24,10
4,047	5,22	24,10
4,045	5,21	24,10
4,047	5,18	24,10
4,047	5,20	24,10
4,047	5,18	24,10
4,046	5,18	24,10
4,046	5,18	24,10
4,045	5,20	24,10
4,047	5,19	24,10
4,046	5,21	24,10
4,048	5,19	24,10
4,047	5,19	24,10
4,046	5,20	24,10
4,046	5,18	24,10
4,047	5,20	24,10
4,047	5,20	24,10
4,047	5,18	24,10
4,046	5,20	24,10
4,047	5,18	24,10
4,047	5,21	24,10
4,048	5,19	24,10
4,047	5,20	24,10
4,047	5,19	24,10
4,047	5,21	24,10
4,048	5,20	24,10
4,045	5,21	24,10
4,047	5,20	24,10
4,046	5,19	24,10
4,046	5,21	24,10
4,047	5,20	24,10
4,047	5,21	24,10
4,045	5,18	24,10
4,046	5,19	24,10
4,045	5,20	24,10
4,045	5,19	24,10
4,046	5,20	24,10
4,046	5,20	24,10
4,045	5,19	24,10
4,047	5,22	24,10
4,045	5,19	24,10
4,046	5,19	24,10
4,045	5,21	24,10
4,047	5,22	24,10
4,047	5,20	24,10
4,048	5,19	24,10
4,046	5,20	24,10
4,047	5,19	24,10
4,047	5,20	24,10
4,047	5,20	24,10
4,047	5,21	24,10
4,048	5,21	24,10
4,047	5,20	24,10
4,047	5,19	24,10
4,047	5,20	24,10
4,048	5,19	24,10
4,046	5,21	24,10
4,046	5,18	24,10
4,046	5,19	24,10
4,048	5,21	24,10
4,048	5,20	24,10
4,048	5,19	24,10
4,046	5,20	24,10
4,047	5,20	24,10
4,046	5,19	24,10
4,046	5,21	24,10
4,047	5,18	24,10
4,047	5,16	24,10
4,046	5,20	24,10
4,046	5,20	24,10
4,046	5,19	24,10
4,046	5,20	24,10
4,047	5,20	24,10
4,047	5,20	24,10
4,045	5,19	24,10
4,047	5,22	24,10
4,047	5,21	24,10
4,045	5,21	24,10
4,047	5,19	24,10
4,047	5,20	24,10
4,046	5,20	24,10
4,045	5,21	24,10
4,046	5,21	24,10
4,047	5,20	24,10
4,044	5,18	24,10
4,046	5,16	24,10
4,046	5,18	24,10
4,044	5,20	24,10
4,046	5,21	24,10
4,046	5,21	24,10
4,045	5,20	24,10
4,045	5,18	24,10
4,046	5,20	24,10
4,044	5,19	24,10
4,045	5,19	24,10
4,047	5,15	24,10
4,045	5,21	24,10
4,046	5,20	24,10
4,047	5,22	24,10
4,045	5,21	24,10
4,046	5,19	24,10
4,046	5,19	24,10
4,046	5,20	24,10
4,047	5,21	24,10
4,048	5,18	24,10
4,046	5,23	24,10
4,046	5,20	24,10
4,047	5,17	24,10
4,046	5,20	24,10
4,046	5,18	24,10
4,045	5,20	24,10
4,046	5,19	24,10
4,047	5,21	24,10
4,046	5,21	24,10
4,046	5,19	24,10
4,045	5,21	24,10
4,046	5,21	24,10
4,046	5,19	24,10
4,046	5,19	24,10
4,045	5,21	24,10
4,043	5,20	24,10
4,047	5,20	24,10
4,047	5,21	24,10
4,046	5,16	24,10
4,045	5,21	24,10
4,046	5,21	24,10
4,047	5,20	24,10
4,045	5,18	24,10
4,046	5,18	24,10
4,046	5,21	24,10
4,044	5,21	24,10
4,045	5,20	24,10
4,046	5,20	24,10
4,046	5,20	24,10
4,046	5,18	24,10
4,045	5,19	24,10
4,047	5,20	24,10
4,046	5,20	24,10
4,047	5,21	24,10
4,045	5,20	24,10
4,046	5,19	24,10
4,046	5,19	24,10
4,046	5,18	24,10
4,046	5,19	24,10
4,046	5,18	24,10
4,047	5,19	24,10
4,045	5,20	24,10
4,046	5,19	24,10
4,046	5,18	24,10
4,046	5,19	24,10
4,046	5,18	24,10
4,045	5,15	24,10
4,044	5,19	24,10
4,046	5,20	24,10
4,046	5,19	24,10
4,046	5,20	24,10
4,046	5,18	24,10
4,045	5,17	24,10
4,043	5,20	24,10
4,044	5,18	24,10
4,045	5,22	24,10
4,046	5,16	24,10
4,047	5,18	24,10
4,043	5,18	24,10
4,046	5,23	24,10
4,046	5,23	24,10
4,046	5,18	24,10
4,047	5,19	24,10
4,044	5,18	24,10
4,046	5,22	24,10
4,046	5,20	24,10
4,045	5,18	24,10
4,044	5,22	24,10
4,045	5,21	24,10
4,044	5,20	24,10
4,045	5,18	24,10
4,045	5,20	24,10
4,045	5,20	24,10
4,044	5,17	24,10
4,047	5,20	24,10
4,046	5,22	24,10
4,046	5,19	24,10
4,046	5,18	24,10
4,046	5,18	24,10
4,045	5,19	24,10
4,046	5,20	24,10
4,044	5,18	24,10
4,045	5,20	24,10
4,046	5,21	24,10
4,045	5,19	24,10
4,047	5,20	24,10
4,044	5,19	24,10
4,046	5,17	24,10
4,047	5,19	24,10
4,046	5,17	24,10
4,047	5,19	24,10
4,045	5,20	24,10
4,046	5,21	24,10
4,046	5,21	24,10
4,046	5,20	24,10
4,045	5,19	24,10
4,044	5,20	24,10
4,047	5,20	24,10
4,046	5,18	24,10
4,045	5,19	24,10
4,046	5,19	24,10
4,046	5,20	24,10
4,047	5,20	24,10
4,045	5,19	24,10
4,046	5,20	24,10
4,046	5,18	24,10
4,045	5,18	24,10
4,044	5,18	24,10
4,046	5,19	24,10
4,045	5,19	24,10
4,046	5,19	24,10
4,046	5,21	24,10
4,045	5,17	24,10
4,045	5,20	24,10
4,047	5,22	24,10
4,047	5,22	24,10
4,046	5,22	24,10
4,046	5,16	24,10
4,045	5,19	24,10
4,046	5,18	24,10
4,046	5,20	24,10
4,046	5,20	24,10
4,046	5,19	24,10
4,045	5,17	24,10
4,045	5,20	24,10
4,045	5,19	24,10
4,045	5,18	24,10
4,046	5,20	24,10
4,044	5,20	24,10
4,047	5,18	24,10
4,044	5,21	24,10
4,045	5,19	24,10
4,045	5,21	24,10
4,047	5,20	24,10
4,046	5,23	24,10
4,045	5,19	24,10
4,044	5,22	24,10
4,046	5,20	24,10
4,046	5,18	24,10
4,045	5,19	24,10
4,045	5,21	24,10
4,045	5,20	24,10
4,047	5,19	24,10
4,045	5,21	24,10
4,046	5,19	24,10
4,045	5,20	24,10
4,049	5,20	24,10
4,045	5,21	24,10
4,046	5,21	24,10
4,046	5,24	24,10
4,047	5,20	24,10
4,044	5,19	24,10
4,045	5,21	24,10
4,044	5,21	24,10
4,045	5,17	24,10
4,043	5,19	24,10
4,044	5,19	24,10
4,046	5,20	24,10
4,044	5,20	24,10
4,046	5,18	24,10
4,046	5,19	24,10
4,044	5,20	24,10
4,046	5,19	24,10
4,044	5,21	24,10
4,046	5,19	24,10
4,046	5,20	24,10
4,045	5,20	24,10
4,044	5,20	24,10
4,045	5,17	24,10
4,046	5,19	24,10
4,042	5,20	24,10
4,045	5,17	24,10
4,045	5,16	24,10
4,045	5,20	24,10
4,046	5,19	24,10
4,044	5,21	24,10
4,046	5,21	24,10
4,045	5,18	24,10
4,045	5,18	24,10
4,046	5,20	24,10
4,045	5,21	24,10
4,044	5,19	24,10
4,046	5,21	24,10
4,045	5,19	24,10
4,045	5,19	24,10
4,043	5,19	24,10
4,044	5,18	24,10
4,045	5,20	24,10
4,044	5,22	24,10
4,044	5,19	24,10
4,046	5,17	24,10
4,045	5,20	24,10
4,045	5,19	24,10
4,044	5,21	24,10
4,045	5,20	24,10
4,046	5,18	24,10
4,045	5,20	24,10
4,045	5,18	24,10
4,044	5,21	24,10
4,044	5,21	24,10
4,045	5,20	24,10
4,046	5,18	24,10
4,045	5,19	24,10
4,045	5,20	24,10
4,044	5,21	24,10
4,046	5,20	24,10
4,045	5,19	24,10
4,044	5,19	24,10
4,043	5,19	24,10
4,043	5,21	24,10
4,045	5,18	24,10
4,047	5,19	24,10
4,045	5,18	24,10
4,045	5,20	24,10
4,045	5,20	24,10
4,044	5,20	24,10
4,044	5,19	24,10
4,044	5,21	24,10
4,044	5,21	24,10
4,044	5,19	24,10
4,044	5,22	24,10
4,044	5,19	24,10
4,044	5,20	24,10
4,046	5,21	24,10
4,045	5,19	24,10
4,045	5,19	24,10
4,046	5,21	24,10
4,045	5,17	24,10
4,046	5,22	24,10
4,044	5,20	24,10
4,045	5,19	24,10
4,045	5,19	24,10
4,047	5,17	24,10
4,045	5,23	24,10
4,045	5,22	24,10
4,045	5,20	24,10
4,046	5,20	24,10
4,044	5,23	24,10
4,043	5,20	24,10
4,043	5,18	24,10
4,044	5,20	24,10
4,045	5,16	24,10
4,047	5,21	24,10
4,043	5,16	24,10
4,046	5,20	24,10
4,046	5,20	24,10
4,045	5,15	24,10
4,044	5,19	24,10
4,045	5,20	24,10
4,045	5,19	24,10
4,044	5,22	24,10
4,046	5,20	24,10
4,044	5,19	24,10
4,045	5,19	24,10
4,044	5,19	24,10
4,045	5,18	24,10
4,044	5,20	24,10
4,045	5,22	24,10
4,045	5,17	24,10
4,045	5,19	24,10
4,045	5,18	24,10
4,045	5,19	24,10
4,045	5,17	24,10
4,044	5,20	24,10
4,042	5,20	24,10
4,045	5,20	24,10
4,045	5,19	24,10
4,045	5,21	24,10
4,045	5,20	24,10
4,043	5,18	24,10
4,045	5,19	24,10
4,045	5,17	24,10
4,043	5,19	24,10
4,045	5,21	24,10
4,045	5,20	24,10
4,045	5,21	24,10
4,045	5,19	24,10
4,044	5,18	24,10
4,045	5,19	24,10
4,044	5,18	24,10
4,044	5,18	24,10
4,044	5,17	24,10
4,043	5,20	24,10
4,044	5,18	24,10
4,045	5,19	24,10
4,045	5,22	24,10
4,043	5,20	24,10
4,045	5,21	24,10
4,046	5,18	24,10
4,044	5,21	24,10
4,046	5,19	24,10
4,044	5,17	24,10
4,044	5,21	24,10
4,044	5,20	24,10
4,045	5,20	24,10
4,045	5,20	24,10
4,046	5,18	24,10
4,045	5,20	24,10
4,045	5,21	24,10
4,045	5,20	24,10
4,044	5,17	24,10
4,045	5,21	24,10
4,046	5,19	24,10
4,045	5,17	24,10
4,042	5,19	24,10
4,045	5,22	24,10
4,046	5,22	24,10
4,044	5,20	24,10
4,044	5,17	24,10
4,045	5,19	24,10
4,045	5,21	24,10
4,045	5,17	24,10
4,044	5,18	24,10
4,043	5,19	24,10
4,043	5,20	24,10
4,044	5,19	24,10
4,044	5,22	24,10
4,045	5,19	24,10
4,045	5,17	24,10
4,044	5,20	24,10
4,045	5,20	24,10
4,044	5,20	24,10
4,044	5,17	24,10
4,046	5,19	24,10
4,044	5,21	24,10
4,044	5,21	24,10
4,046	5,18	24,10
4,044	5,19	24,10
4,045	5,20	24,10
4,043	5,20	24,10
4,045	5,20	24,10
4,044	5,18	24,10
4,042	5,19	24,10
4,044	5,19	24,10
4,044	5,18	24,10
4,045	5,17	24,10
4,045	5,18	24,10
4,045	5,19	24,10
4,043	5,19	24,10
4,045	5,19	24,10
4,045	5,22	24,10
4,044	5,20	24,10
4,046	5,17	24,10
4,045	5,18	24,10
4,045	5,18	24,10
4,045	5,21	24,10
4,044	5,20	24,10
4,046	5,21	24,10
4,045	5,21	24,10
4,045	5,20	24,10
4,045	5,18	24,10
4,044	5,18	24,10
4,043	5,18	24,10
4,044	5,17	24,10
4,045	5,17	24,10
4,044	5,18	24,10
4,045	5,21	24,10
4,046	5,19	24,10
4,044	5,18	24,10
4,046	5,17	24,10
4,045	5,17	24,10
4,044	5,19	24,10
4,043	5,19	24,10
4,044	5,20	24,10
4,043	5,20	24,10
4,043	5,17	24,10
4,044	5,19	24,10
4,043	5,20	24,10
4,044	5,16	24,10
4,043	5,18	24,10
4,043	5,18	24,10
4,044	5,19	24,10
4,044	5,21	24,10
4,044	5,19	24,10
4,043	5,20	24,10
4,043	5,20	24,10
4,045	5,19	24,10
4,044	5,21	24,10
4,045	5,18	24,10
4,043	5,20	24,10
4,045	5,19	24,10
4,045	5,17	24,10
4,045	5,17	24,10
4,044	5,21	24,10
4,045	5,17	24,10
4,045	5,18	24,10
4,045	5,19	24,10
4,043	5,17	24,10
4,045	5,20	24,10
4,044	5,18	24,10
4,043	5,17	24,10
4,044	5,20	24,10
4,043	5,19	24,10
4,044	5,18	24,10
4,045	5,20	24,10
4,045	5,17	24,10
4,044	5,22	24,10
4,045	5,20	24,10
4,044	5,20	24,10
4,045	5,18	24,10
4,046	5,19	24,10
4,044	5,17	24,10
4,043	5,19	24,10
4,044	5,20	24,10
4,044	5,18	24,10
4,045	5,21	24,10
4,042	5,22	24,10
4,044	5,21	24,10
4,044	5,17	24,10
4,043	5,19	24,10
4,045	5,19	24,10
4,046	5,21	24,10
4,044	5,20	24,10
4,044	5,19	24,10
4,044	5,19	24,10
4,042	5,20	24,10
4,044	5,20	24,10
4,045	5,19	24,10
4,046	5,18	24,10
4,043	5,15	24,10
4,044	5,20	24,10
4,045	5,21	24,10
4,043	5,19	24,10
4,043	5,20	24,10
4,044	5,19	24,10
4,045	5,18	24,10
4,044	5,19	24,10
4,044	5,21	24,10
4,045	5,17	24,10
4,045	5,18	24,10
4,046	5,20	24,10
4,044	5,19	24,10
4,044	5,19	24,10
4,043	5,19	24,10
4,044	5,20	24,10
4,044	5,20	24,10
4,044	5,18	24,10
4,044	5,19	24,10
4,042	5,20	24,10
4,044	5,18	24,10
4,045	5,21	24,10
4,044	5,21	24,10
4,045	5,16	24,10
4,042	5,19	24,10
4,043	5,20	24,10
4,043	5,21	24,10
4,044	5,19	24,10
4,044	5,19	24,10
4,042	5,19	24,10
4,044	5,20	24,10
4,044	5,19	24,10
4,046	5,18	24,10
4,045	5,20	24,10
4,042	5,20	24,10
4,044	5,20	24,10
4,045	5,20	24,10
4,044	5,19	24,10
4,045	5,19	24,10
4,043	5,20	24,10
4,043	5,19	24,10
4,042	5,19	24,10
4,043	5,18	24,10
4,044	5,20	24,10
4,043	5,20	24,10
4,044	5,19	24,10
4,042	5,19	24,10
4,043	5,20	24,10
4,042	5,20	24,10
4,044	5,21	24,10
4,043	5,17	24,10
4,043	5,17	24,10
4,044	5,18	24,10
4,044	5,20	24,10
4,042	5,19	24,10
4,044	5,19	24,10
4,044	5,18	24,10
4,042	5,22	24,10
4,044	5,20	24,10
4,043	5,20	24,10
4,044	5,19	24,10
4,045	5,19	24,10
4,045	5,19	24,10
4,043	5,20	24,10
4,045	5,21	24,10
4,043	5,20	24,10
4,045	5,20	24,10
4,043	5,18	24,10
4,043	5,19	24,10
4,042	5,19	24,10
4,044	5,22	24,10
4,044	5,18	24,10
4,042	5,21	24,10
4,043	5,20	24,10
4,042	5,19	24,10
4,045	5,20	24,10
4,045	5,20	24,10
4,043	5,21	24,10
4,044	5,18	24,10
4,044	5,21	24,10
4,044	5,19	24,10
4,043	5,20	24,10
4,043	5,20	24,10
4,043	5,20	24,10
4,044	5,18	24,10
4,043	5,21	24,10
4,042	5,19	24,10
4,042	5,20	24,10
4,044	5,20	24,10
4,045	5,21	24,10
4,044	5,19	24,10
4,044	5,20	24,10
4,043	5,20	24,10
4,045	5,19	24,10
4,044	5,22	24,10
4,044	5,23	24,10
4,043	5,19	24,10
4,043	5,18	24,10
4,043	5,20	24,10
4,045	5,21	24,10
4,041	5,21	24,10
4,041	5,21	24,10
4,044	5,21	24,10
4,044	5,22	24,10
4,043	5,18	24,10
4,044	5,18	24,10
4,044	5,19	24,10
4,044	5,21	24,10
4,043	5,19	24,10
4,045	5,19	24,10
4,044	5,20	24,10
4,044	5,20	24,10
4,042	5,22	24,10
4,042	5,19	24,10
4,045	5,21	24,10
4,044	5,18	24,10
4,044	5,20	24,10
4,043	5,19	24,10
4,044	5,18	24,10
4,045	5,21	24,10
4,043	5,19	24,10
4,043	5,18	24,10
4,042	5,19	24,10
4,046	5,20	24,10
4,045	5,20	24,10
4,043	5,19	24,10
4,043	5,21	24,10
4,043	5,19	24,10
4,043	5,17	24,10
4,043	5,20	24,10
4,044	5,18	24,10
4,044	5,18	24,10
4,044	5,20	24,10
4,042	5,18	24,10
4,042	5,21	24,10
4,044	5,20	24,10
4,043	5,20	24,10
4,045	5,19	24,10
4,043	5,20	24,10
4,044	5,21	24,10
4,042	5,20	24,10
4,043	5,18	24,10
4,044	5,17	24,10
4,044	5,20	24,10
4,043	5,18	24,10
4,045	5,23	24,10
4,042	5,22	24,10
4,043	5,20	24,10
4,044	5,20	24,10
4,044	5,20	24,10
4,044	5,20	24,10
4,044	5,20	24,10
4,044	5,19	24,10
4,041	5,19	24,10
4,041	5,20	24,10
4,043	5,20	24,10
4,045	5,21	24,10
4,044	5,19	24,10
4,043	5,20	24,10
4,044	5,19	24,10
4,044	5,21	24,10
4,042	5,22	24,10
4,044	5,20	24,10
4,042	5,20	24,10
4,044	5,20	24,10
4,042	5,22	24,10
4,042	5,19	24,10
4,042	5,19	24,10
4,044	5,19	24,10
4,044	5,17	24,10
4,044	5,16	24,10
4,042	5,20	24,10
4,043	5,19	24,10
4,044	5,15	24,10
4,043	5,19	24,10
4,043	5,22	24,10
4,044	5,21	24,10
4,042	5,19	24,10
4,044	5,18	24,10
4,044	5,18	24,10
4,043	5,21	24,10
4,043	5,19	24,10
4,045	5,20	24,10
4,042	5,22	24,10
4,044	5,21	24,10
4,043	5,20	24,10
4,044	5,20	24,10
4,044	5,18	24,10
4,045	5,20	24,10
4,043	5,19	24,10
4,044	5,19	24,10
4,043	5,18	24,10
4,044	5,17	24,10
4,043	5,17	24,10
4,043	5,17	24,10
4,045	5,19	24,10
4,043	5,18	24,10
4,045	5,17	24,10
4,043	5,19	24,10
4,046	5,18	24,10
4,043	5,19	24,10
4,043	5,20	24,10
4,043	5,16	24,10
4,042	5,21	24,10
4,039	5,18	24,10
4,042	5,19	24,10
4,044	5,17	24,10
4,043	5,19	24,10
4,042	5,18	24,10
4,042	5,20	24,10
4,044	5,21	24,10
4,043	5,19	24,10
4,044	5,18	24,10
4,042	5,19	24,10
4,046	5,20	24,10
4,044	5,21	24,10
4,044	5,19	24,10
4,042	5,16	24,10
4,043	5,18	24,10
4,043	5,21	24,10
4,041	5,19	24,10
4,042	5,20	24,10
4,043	5,21	24,10
4,043	5,20	24,10
4,042	5,20	24,10
4,043	5,18	24,10
4,044	5,19	24,10
4,044	5,19	24,10
4,043	5,20	24,10
4,044	5,19	24,10
4,042	5,18	24,10
4,039	5,20	24,10
4,043	5,21	24,10
4,042	5,19	24,10
4,043	5,19	24,10
4,041	5,19	24,10
4,043	5,20	24,10
4,043	5,19	24,10
4,044	5,18	24,10
4,043	5,21	24,10
4,045	5,20	24,10
4,043	5,19	24,10
4,044	5,18	24,10
4,042	5,17	24,10
4,044	5,18	24,10
4,042	5,18	24,10
4,043	5,19	24,10
4,043	5,18	24,10
4,043	5,23	24,10
4,043	5,20	24,10
4,042	5,20	24,10
4,044	5,18	24,10
4,043	5,18	24,10
4,044	5,20	24,10
4,045	5,18	24,10
4,041	5,20	24,10
4,045	5,20	24,10
4,043	5,19	24,10
4,043	5,20	24,10
4,044	5,19	24,10
4,043	5,19	24,10
4,042	5,18	24,10
4,043	5,21	24,10
4,043	5,19	24,10
4,044	5,21	24,10
4,043	5,21	24,10
4,043	5,19	24,10
4,042	5,21	24,10
4,042	5,19	24,10
4,043	5,20	24,10
4,043	5,19	24,10
4,043	5,19	24,10
4,043	5,20	24,10
4,043	5,20	24,10
4,042	5,20	24,10
4,044	5,19	24,10
4,042	5,21	24,10
4,045	5,17	24,10
4,041	5,20	24,10
4,043	5,19	24,10
4,044	5,19	24,10
4,045	5,18	24,10
4,043	5,20	24,10
4,042	5,19	24,10
4,042	5,21	24,10
4,042	5,19	24,10
4,042	5,20	24,10
4,043	5,20	24,10
4,042	5,19	24,10
4,042	5,20	24,10
4,044	5,20	24,10
4,043	5,18	24,10
4,043	5,18	24,10
4,042	5,19	24,10
4,044	5,21	24,10
4,045	5,18	24,10
4,041	5,21	24,10
4,043	5,21	24,10
4,042	5,19	24,10
4,044	5,19	24,10
4,043	5,20	24,10
4,042	5,21	24,10
4,042	5,20	24,10
4,043	5,19	24,10
4,044	5,18	24,10
4,041	5,18	24,10
4,043	5,19	24,10
4,041	5,19	24,10
4,044	5,18	24,10
4,045	5,21	24,10
4,044	5,20	24,10
4,040	5,19	24,10
4,041	5,21	24,10
4,043	5,17	24,10
4,045	5,21	24,10
4,043	5,16	24,10
4,043	5,19	24,10
4,043	5,20	24,10
4,041	5,20	24,10
4,043	5,17	24,10
4,043	5,20	24,10
4,043	5,20	24,10
4,044	5,17	24,10
4,044	5,20	24,10
4,042	5,20	24,10
4,042	5,19	24,10
4,043	5,22	24,10
4,043	5,18	24,10
4,044	5,19	24,10
4,043	5,21	24,10
4,042	5,21	24,10
4,042	5,20	24,10
4,041	5,17	24,10
4,043	5,19	24,10
4,043	5,20	24,10
4,043	5,21	24,10
4,041	5,19	24,10
4,042	5,18	24,10
4,043	5,20	24,10
4,042	5,19	24,10
4,042	5,19	24,10
4,042	5,21	24,10
4,044	5,20	24,10
4,044	5,21	24,10
4,044	5,21	24,10
4,042	5,19	24,10
4,044	5,19	24,10
4,041	5,17	24,10
4,041	5,19	24,10
4,042	5,18	24,10
4,043	5,20	24,10
4,042	5,16	24,10
4,043	5,21	24,10
4,043	5,19	24,10
4,042	5,20	24,10
4,043	5,16	24,10
4,043	5,18	24,10
4,041	5,20	24,10
4,042	5,19	24,10
4,043	5,19	24,10
4,043	5,20	24,10
4,044	5,20	24,10
4,041	5,21	24,10
4,043	5,21	24,10
4,041	5,22	24,10
4,042	5,16	24,10
4,043	5,22	24,10
4,043	5,20	24,10
4,041	5,20	24,10
4,042	5,19	24,10
4,043	5,18	24,10
4,042	5,20	24,10
4,043	5,20	24,10
4,041	5,19	24,10
4,043	5,16	24,10
4,042	5,20	24,10
4,042	5,21	24,10
4,041	5,21	24,10
4,042	5,23	24,10
4,043	5,17	24,10
4,042	5,21	24,10
4,041	5,20	24,10
4,043	5,17	24,10
4,041	5,21	24,10
4,045	5,22	24,10
4,044	5,19	24,10
4,043	5,19	24,10
4,042	5,18	24,10
4,043	5,16	24,10
4,043	5,21	24,10
4,043	5,19	24,10
4,043	5,21	24,10
4,043	5,21	24,10
4,042	5,18	24,10
4,042	5,21	24,10
4,042	5,20	24,10
4,041	5,18	24,10
4,041	5,23	24,10
4,043	5,20	24,10
4,042	5,20	24,10
4,042	5,19	24,10
4,043	5,19	24,10
4,044	5,16	24,10
4,045	5,20	24,10
4,042	5,20	24,10
4,043	5,20	24,10
4,041	5,20	24,10
4,043	5,16	24,10
4,043	5,21	24,10
4,041	5,19	24,10
4,043	5,19	24,10
4,041	5,18	24,10
4,045	5,18	24,10
4,043	5,19	24,10
4,043	5,20	24,10
4,041	5,20	24,10
4,042	5,17	24,10
4,042	5,21	24,10
4,044	5,21	24,10
4,042	5,20	24,10
4,042	5,21	24,10
4,043	5,17	24,10
4,042	5,18	24,10
4,042	5,20	24,10
4,042	5,21	24,10
4,042	5,17	24,10
4,042	5,24	24,10
4,042	5,21	24,10
4,041	5,20	24,10
4,042	5,21	24,10
4,043	5,17	24,10
4,042	5,18	24,10
4,043	5,21	24,10
4,042	5,18	24,10
4,043	5,17	24,10
4,042	5,19	24,10
4,042	5,21	24,10
4,041	5,19	24,10
4,042	5,19	24,10
4,041	5,16	24,10
4,040	5,23	24,10
4,041	5,18	24,10
4,043	5,21	24,10
4,043	5,22	24,10
4,044	5,23	24,10
4,042	5,19	24,10
4,042	5,20	24,10
4,042	5,21	24,10
4,040	5,17	24,10
4,042	5,22	24,10
4,042	5,22	24,10
4,044	5,17	24,10
4,042	5,19	24,10
4,043	5,21	24,10
4,043	5,21	24,10
4,042	5,20	24,10
4,042	5,19	24,10
4,042	5,18	24,10
4,042	5,22	24,10
4,043	5,20	24,10
4,044	5,21	24,10
4,042	5,19	24,10
4,043	5,20	24,10
4,043	5,17	24,10
4,042	5,19	24,10
4,043	5,19	24,10
4,041	5,20	24,10
4,042	5,16	24,10
4,043	5,16	24,10
4,042	5,18	24,10
4,039	5,18	24,10
4,043	5,22	24,10
4,042	5,18	24,10
4,042	5,24	24,10
4,042	5,20	24,10
4,042	5,20	24,10
4,041	5,21	24,10
4,041	5,20	24,10
4,043	5,20	24,10
4,042	5,19	24,10
4,041	5,19	24,10
4,042	5,22	24,10
4,041	5,24	24,10
4,042	5,18	24,10
4,042	5,19	24,10
4,040	5,20	24,10
4,042	5,21	24,10
4,042	5,16	24,10
4,043	5,18	24,10
4,041	5,19	24,10
4,042	5,19	24,10
4,040	5,13	24,10
4,043	5,17	24,10
4,043	5,20	24,10
4,042	5,21	24,10
4,042	5,23	24,10
4,041	5,20	24,10
4,043	5,19	24,10
4,043	5,19	24,10
4,041	5,18	24,10
4,042	5,22	24,10
4,041	5,20	24,10
4,042	5,18	24,10
4,043	5,18	24,10
4,041	5,19	24,10
4,042	5,23	24,10
4,042	5,20	24,10
4,043	5,19	24,10
4,041	5,17	24,10
4,040	5,20	24,10
4,042	5,18	24,10
4,042	5,20	24,10
4,041	5,20	24,10
4,042	5,22	24,10
4,043	5,19	24,10
4,042	5,20	24,10
4,042	5,20	24,10
4,042	5,20	24,10
4,043	5,23	24,10
4,043	5,17	24,10
4,042	5,19	24,10
4,040	5,20	24,10
4,042	5,17	24,10
4,042	5,19	24,10
4,041	5,18	24,10
4,041	5,21	24,10
4,041	5,20	24,10
4,043	5,21	24,10
4,042	5,19	24,10
4,042	5,19	24,10
4,039	5,19	24,10
4,042	5,19	24,10
4,044	5,19	24,10
4,040	5,20	24,10
4,042	5,16	24,10
4,042	5,19	24,10
4,041	5,20	24,10
4,042	5,22	24,10
4,042	5,20	24,10
4,042	5,20	24,10
4,041	5,18	24,10
4,042	5,22	24,10
4,042	5,22	24,10
4,041	5,16	24,10
4,042	5,21	24,10
4,042	5,20	24,10
4,041	5,20	24,10
4,043	5,21	24,10
4,042	5,19	24,10
4,041	5,20	24,10
4,041	5,17	24,10
4,041	5,20	24,10
4,041	5,19	24,10
4,042	5,20	24,10
4,041	5,20	24,10
4,042	5,21	24,10
4,043	5,18	24,10
4,042	5,18	24,10
4,042	5,19	24,10
4,043	5,20	24,10
4,044	5,19	24,10
4,043	5,18	24,10
4,043	5,19	24,10
4,041	5,19	24,10
4,041	5,19	24,10
4,044	5,19	24,10
4,042	5,19	24,10
4,041	5,19	24,10
4,041	5,21	24,10
4,041	5,20	24,10
4,041	5,20	24,10
4,042	5,19	24,10
4,041	5,20	24,10
4,042	5,21	24,10
4,042	5,19	24,10
4,041	5,19	24,10
4,042	5,19	24,10
4,041	5,19	24,10
4,042	5,19	24,10
4,040	5,16	24,10
4,041	5,22	24,10
4,041	5,19	24,10
