1,133	22,65	24,00
1,134	22,65	24,01
1,133	22,65	24,01
1,132	22,65	24,01
1,132	22,65	24,01
1,133	22,65	24,01
1,133	22,65	24,01
1,134	22,65	24,01
1,133	22,65	24,01
1,132	22,65	24,01
1,133	22,65	24,01
1,134	22,65	24,01
1,135	22,65	24,01
1,134	22,65	24,01
1,132	22,65	24,02
1,132	22,65	24,02
1,134	22,65	24,02
1,131	22,65	24,02
1,134	22,65	24,02
1,133	22,65	24,02
1,132	22,65	24,02
1,132	22,65	24,02
1,132	22,65	24,02
1,133	22,65	24,02
1,134	22,65	24,03
1,133	22,65	24,03
1,133	22,65	24,03
1,134	22,65	24,03
1,133	22,65	24,03
1,132	22,65	24,03
1,133	22,65	24,03
1,134	22,65	24,03
1,133	22,65	24,03
1,134	22,65	24,03
1,132	22,65	24,04
1,133	22,65	24,04
1,133	22,65	24,04
1,132	22,65	24,04
1,134	22,65	24,04
1,134	22,65	24,05
1,132	22,65	24,05
1,132	22,65	24,05
1,134	22,65	24,05
1,134	22,65	24,05
1,133	22,65	24,05
1,135	22,65	24,05
1,133	22,65	24,06
1,134	22,65	24,06
1,133	22,65	24,06
1,132	22,65	24,06
1,134	22,65	24,06
1,134	22,65	24,06
1,134	22,65	24,07
1,133	22,65	24,07
1,133	22,65	24,07
1,132	22,65	24,07
1,134	22,65	24,07
1,132	22,65	24,07
1,133	22,65	24,08
1,133	22,65	24,08
1,133	22,65	24,08
1,133	22,65	24,08
1,132	22,65	24,08
1,133	22,65	24,08
1,133	22,65	24,09
1,131	22,65	24,09
1,133	22,65	24,09
1,134	22,65	24,09
1,132	22,65	24,09
1,133	22,65	24,09
1,134	22,65	24,09
1,134	22,65	24,09
1,133	22,65	24,09
1,132	22,65	24,10
1,133	22,65	24,10
1,134	22,65	24,10
1,133	22,65	24,10
1,134	22,65	24,10
1,133	22,65	24,10
1,133	22,65	24,10
1,133	22,65	24,11
1,133	22,65	24,11
1,133	22,65	24,11
1,133	22,65	24,11
1,133	22,65	24,11
1,134	22,65	24,11
1,134	22,65	24,11
1,133	22,65	24,12
1,133	22,65	24,12
1,134	22,65	24,12
1,135	22,65	24,12
1,134	22,65	24,12
1,134	22,65	24,12
1,133	22,65	24,12
1,135	22,65	24,12
1,133	22,65	24,12
1,134	22,65	24,13
1,132	22,65	24,13
1,133	22,65	24,13
1,133	22,65	24,13
1,134	22,65	24,13
1,133	22,65	24,13
1,132	22,65	24,13
1,134	22,65	24,13
1,131	22,65	24,13
1,133	22,65	24,13
1,133	22,65	24,13
1,133	22,65	24,13
1,134	22,65	24,13
1,133	22,65	24,13
1,133	22,65	24,13
1,133	22,65	24,14
1,133	22,65	24,14
1,133	22,65	24,14
1,134	22,65	24,14
1,132	22,65	24,14
1,134	22,65	24,14
1,132	22,65	24,14
1,133	22,65	24,14
1,133	22,65	24,14
1,133	22,65	24,14
1,132	22,65	24,14
1,134	22,65	24,14
1,134	22,65	24,14
1,133	22,65	24,15
1,133	22,65	24,15
1,132	22,65	24,15
1,132	22,65	24,15
1,132	22,65	24,15
1,133	22,65	24,15
1,133	22,65	24,15
1,133	22,65	24,15
1,131	22,65	24,15
1,133	22,65	24,15
1,132	22,65	24,15
1,133	22,65	24,15
1,135	22,65	24,15
1,134	22,65	24,15
1,134	22,65	24,15
1,133	22,65	24,15
1,133	22,65	24,15
1,132	22,65	24,15
1,136	22,65	24,16
1,134	22,65	24,16
1,131	22,65	24,16
1,133	22,65	24,16
1,132	22,65	24,16
1,133	22,65	24,16
1,132	22,65	24,16
1,133	22,65	24,16
1,132	22,65	24,16
1,133	22,65	24,16
1,135	22,65	24,16
1,134	22,65	24,16
1,133	22,65	24,16
1,133	22,65	24,16
1,133	22,65	24,16
1,133	22,65	24,16
1,134	22,65	24,16
1,132	22,65	24,16
1,134	22,65	24,16
1,134	22,65	24,16
1,133	22,65	24,16
1,133	22,65	24,16
1,133	22,65	24,16
1,133	22,65	24,16
1,134	22,65	24,16
1,134	22,65	24,16
1,132	22,65	24,16
1,134	22,65	24,17
1,134	22,65	24,17
1,134	22,65	24,17
1,133	22,65	24,17
1,134	22,65	24,17
1,134	22,65	24,17
1,135	22,65	24,17
1,135	22,65	24,17
1,134	22,65	24,17
1,133	22,65	24,17
1,134	22,65	24,17
1,133	22,65	24,17
1,132	22,65	24,17
1,133	22,65	24,17
1,133	22,65	24,17
1,133	22,65	24,17
1,133	22,65	24,17
1,134	22,65	24,17
1,134	22,65	24,17
1,134	22,65	24,17
1,132	22,65	24,17
1,134	22,65	24,17
1,133	22,65	24,17
1,133	22,65	24,17
1,133	22,65	24,17
1,134	22,65	24,17
1,133	22,65	24,17
1,133	22,65	24,17
1,133	22,65	24,17
1,134	22,65	24,17
1,132	22,65	24,17
1,134	22,65	24,17
1,133	22,65	24,17
1,133	22,65	24,17
1,133	22,65	24,17
1,134	22,65	24,17
1,134	22,65	24,17
1,134	22,65	24,17
1,134	22,65	24,17
1,133	22,65	24,17
1,134	22,65	24,17
1,134	22,65	24,17
1,133	22,65	24,17
1,134	22,65	24,17
1,132	22,65	24,17
1,133	22,65	24,17
1,132	22,65	24,17
1,135	22,65	24,17
1,132	22,65	24,17
1,133	22,65	24,17
1,135	22,65	24,17
1,134	22,65	24,17
1,133	22,65	24,17
1,133	22,65	24,17
1,135	22,65	24,17
1,133	22,65	24,17
1,134	22,65	24,17
1,133	22,65	24,17
1,133	22,65	24,17
1,133	22,65	24,17
1,131	22,65	24,17
1,132	22,65	24,17
1,132	22,65	24,17
1,134	22,65	24,17
1,134	22,65	24,17
1,134	22,65	24,17
1,133	22,65	24,17
1,134	22,65	24,17
1,134	22,65	24,17
1,133	22,65	24,17
1,133	22,65	24,17
1,134	22,65	24,17
1,131	22,65	24,17
1,134	22,65	24,17
1,134	22,65	24,17
1,133	22,65	24,17
1,133	22,65	24,17
1,133	22,65	24,17
1,135	22,65	24,17
1,133	22,65	24,17
1,133	22,65	24,17
1,134	22,65	24,17
1,132	22,65	24,17
1,134	22,65	24,17
1,133	22,65	24,17
1,134	22,65	24,17
1,132	22,65	24,17
1,135	22,65	24,17
1,134	22,65	24,17
1,133	22,65	24,18
1,132	22,65	24,18
1,131	22,65	24,18
1,135	22,65	24,18
1,134	22,65	24,18
1,134	22,65	24,18
1,132	22,65	24,18
1,134	22,65	24,18
1,133	22,65	24,18
1,133	22,65	24,18
1,133	22,65	24,18
1,132	22,65	24,18
1,133	22,65	24,18
1,134	22,65	24,18
1,133	22,65	24,18
1,134	22,65	24,18
1,135	22,65	24,18
1,134	22,65	24,18
1,133	22,65	24,18
1,134	22,65	24,18
1,133	22,65	24,18
1,134	22,65	24,18
1,133	22,65	24,18
1,133	22,65	24,18
1,132	22,65	24,18
1,134	22,65	24,18
1,135	22,65	24,18
1,134	22,65	24,18
1,134	22,65	24,18
1,134	22,65	24,18
1,133	22,65	24,18
1,134	22,65	24,18
1,133	22,65	24,18
1,134	22,65	24,18
1,134	22,65	24,18
1,134	22,65	24,18
1,134	22,65	24,18
1,132	22,65	24,18
1,132	22,65	24,18
1,133	22,65	24,18
1,134	22,65	24,18
1,132	22,65	24,18
1,133	22,65	24,18
1,134	22,65	24,18
1,133	22,65	24,18
1,135	22,65	24,18
1,134	22,65	24,18
1,133	22,65	24,18
1,133	22,65	24,18
1,133	22,65	24,18
1,134	22,65	24,18
1,134	22,65	24,18
1,134	22,65	24,18
1,134	22,65	24,18
1,133	22,65	24,18
1,135	22,65	24,18
1,133	22,65	24,18
1,132	22,65	24,18
1,132	22,65	24,18
1,133	22,65	24,18
1,133	22,65	24,18
1,134	22,65	24,18
1,134	22,65	24,18
1,133	22,65	24,18
1,135	22,65	24,18
1,132	22,65	24,18
1,132	22,65	24,18
1,132	22,65	24,18
1,133	22,65	24,18
1,134	22,65	24,18
1,133	22,65	24,18
1,132	22,65	24,18
1,134	22,65	24,18
1,135	22,65	24,18
1,134	22,65	24,18
1,134	22,65	24,18
1,134	22,65	24,18
1,134	22,65	24,18
1,133	22,65	24,18
1,132	22,65	24,18
1,134	22,65	24,18
1,132	22,65	24,18
1,132	22,65	24,18
1,133	22,65	24,18
1,133	22,65	24,18
1,133	22,65	24,18
1,132	22,65	24,18
1,133	22,65	24,18
1,134	22,65	24,18
1,136	22,65	24,18
1,132	22,65	24,18
1,132	22,65	24,18
1,133	22,65	24,18
1,134	22,65	24,18
1,133	22,65	24,18
1,134	22,65	24,18
1,132	22,65	24,18
1,131	22,65	24,18
1,133	22,65	24,18
1,133	22,65	24,18
1,133	22,65	24,18
1,132	22,65	24,18
1,132	22,65	24,18
1,132	22,65	24,18
1,135	22,65	24,18
1,131	22,65	24,18
1,135	22,65	24,18
1,133	22,65	24,18
1,133	22,65	24,18
1,132	22,65	24,18
1,134	22,65	24,18
1,133	22,65	24,18
1,134	22,65	24,18
1,134	22,65	24,18
1,131	22,65	24,18
1,132	22,65	24,18
1,132	22,65	24,18
1,134	22,65	24,18
1,134	22,65	24,18
1,133	22,65	24,18
1,132	22,65	24,18
1,134	22,65	24,18
1,134	22,65	24,18
1,134	22,65	24,18
1,134	22,65	24,18
1,134	22,65	24,18
1,133	22,65	24,18
1,131	22,65	24,18
1,131	22,65	24,18
1,131	22,65	24,18
1,132	22,65	24,18
1,133	22,65	24,18
1,133	22,65	24,18
1,134	22,65	24,18
1,134	22,65	24,18
1,133	22,65	24,18
1,132	22,65	24,18
1,134	22,65	24,18
1,135	22,65	24,18
1,132	22,65	24,18
1,132	22,65	24,18
1,134	22,65	24,18
1,134	22,65	24,18
1,132	22,65	24,18
1,135	22,65	24,18
1,132	22,65	24,18
1,133	22,65	24,18
1,133	22,65	24,18
1,133	22,65	24,18
1,134	22,65	24,18
1,133	22,65	24,18
1,133	22,65	24,18
1,134	22,65	24,18
1,133	22,65	24,18
1,134	22,65	24,18
1,133	22,65	24,18
1,132	22,65	24,18
1,134	22,65	24,18
1,133	22,65	24,18
1,134	22,65	24,18
1,134	22,65	24,18
1,132	22,65	24,18
1,133	22,65	24,18
1,133	22,65	24,18
1,134	22,65	24,18
1,134	22,65	24,18
1,134	22,65	24,18
1,133	22,65	24,18
1,134	22,65	24,18
1,133	22,65	24,18
1,134	22,65	24,18
1,133	22,65	24,18
1,133	22,65	24,18
1,133	22,65	24,18
1,131	22,65	24,18
1,133	22,65	24,18
1,133	22,65	24,18
1,132	22,65	24,18
1,133	22,65	24,18
1,131	22,65	24,18
1,134	22,65	24,18
1,133	22,65	24,18
1,134	22,65	24,18
1,134	22,65	24,18
1,134	22,65	24,18
1,133	22,65	24,18
1,132	22,65	24,18
1,135	22,65	24,18
1,133	22,65	24,18
1,134	22,65	24,18
1,133	22,65	24,18
1,133	22,65	24,18
1,134	22,65	24,18
1,134	22,65	24,18
1,133	22,65	24,18
1,133	22,65	24,18
1,133	22,65	24,18
1,134	22,65	24,18
1,134	22,65	24,18
1,134	22,65	24,18
1,135	22,65	24,18
1,133	22,65	24,18
1,133	22,65	24,18
1,134	22,65	24,18
1,134	22,65	24,18
1,133	22,65	24,18
1,135	22,65	24,18
1,132	22,65	24,18
1,133	22,65	24,18
1,132	22,65	24,18
1,134	22,65	24,18
1,133	22,65	24,18
1,134	22,65	24,18
1,134	22,65	24,18
1,133	22,65	24,18
1,133	22,65	24,18
1,133	22,65	24,18
1,135	22,65	24,18
1,133	22,65	24,18
1,132	22,65	24,18
1,133	22,65	24,18
1,132	22,65	24,17
1,133	22,65	24,18
1,134	22,65	24,18
1,134	22,65	24,17
1,134	22,65	24,17
1,134	22,65	24,17
1,132	22,65	24,17
1,132	22,65	24,17
1,133	22,65	24,17
1,133	22,65	24,17
1,134	22,65	24,18
1,134	22,65	24,17
1,132	22,65	24,17
1,134	22,65	24,17
1,133	22,65	24,17
1,135	22,65	24,17
1,134	22,65	24,17
1,134	22,65	24,17
1,133	22,65	24,17
1,135	22,65	24,17
1,134	22,65	24,17
1,134	22,65	24,17
1,133	22,65	24,17
1,134	22,65	24,17
1,132	22,65	24,17
1,132	22,65	24,17
1,132	22,65	24,17
1,132	22,65	24,17
1,133	22,65	24,17
1,133	22,65	24,17
1,133	22,65	24,17
1,133	22,65	24,17
1,132	22,65	24,17
1,133	22,65	24,17
1,133	22,65	24,17
1,132	22,65	24,17
1,134	22,65	24,17
1,133	22,65	24,17
1,134	22,65	24,17
1,134	22,65	24,17
1,134	22,65	24,17
1,133	22,65	24,17
1,134	22,65	24,17
1,133	22,65	24,17
1,131	22,65	24,17
1,134	22,65	24,17
1,132	22,65	24,17
1,133	22,65	24,17
1,133	22,65	24,17
1,132	22,65	24,17
1,134	22,65	24,17
1,134	22,65	24,17
1,134	22,65	24,17
1,132	22,65	24,17
1,133	22,65	24,17
1,133	22,65	24,17
1,132	22,65	24,17
1,135	22,65	24,17
1,133	22,65	24,17
1,134	22,65	24,17
1,133	22,65	24,17
1,133	22,65	24,17
1,133	22,65	24,17
1,134	22,65	24,17
1,132	22,65	24,17
1,134	22,65	24,17
1,132	22,65	24,17
1,133	22,65	24,17
1,133	22,65	24,17
1,134	22,65	24,17
