0.267237	5.34	20.09	77.6	
0.268456	5.35	20.09	77.7	
0.269687	5.37	20.09	77.8	
0.27115	5.5	20.09	77.9	
0.272183	5.46	20.09	78	
0.273299	5.43	20.09	78.1	
0.274123	5.55	20.09	78.2	
0.275028	5.59	20.09	78.3	
0.275786	5.55	20.09	78.4	
0.276472	5.61	20.09	78.5	
0.277085	5.59	20.09	78.6	
0.277624	5.69	20.09	78.7	
0.278242	5.73	20.09	78.8	
0.279408	5.74	20.09	78.9	
0.280348	5.75	20.09	79	
0.281215	5.75	20.09	79.1	
0.281849	5.77	20.09	79.2	
0.282885	5.77	20.09	79.3	
0.284091	5.81	20.09	79.4	
0.285225	5.84	20.09	79.5	
0.286533	5.86	20.09	79.6	
0.287274	5.86	20.09	79.7	
0.288018	5.88	20.09	79.8	
0.28885	5.92	20.09	79.9	
0.289687	5.97	20.09	80	
0.290613	6.01	20.09	80.1	
0.291886	6.02	20.09	80.2	
0.292654	6.07	20.09	80.3	
0.293255	6.08	20.09	80.4	
0.294118	6.12	20.09	80.5	
0.295683	6.12	20.09	80.6	
0.296472	6.11	20.09	80.7	
0.29753	6.12	20.09	80.8	
0.298507	6.15	20.09	80.9	
0.29994	6.22	20.09	81	
0.301296	6.28	20.09	81.1	
0.302939	6.33	20.09	81.2	
0.304229	6.36	20.09	81.3	
0.30525	6.37	20.09	81.4	
0.305998	6.39	20.09	81.5	
0.306654	6.39	20.09	81.6	
0.30722	6.43	20.09	81.7	
0.308737	6.47	20.09	81.8	
0.309693	6.54	20.09	81.9	
0.310559	6.61	20.09	82	
0.311236	6.61	20.09	82.1	
0.312402	6.58	20.09	82.2	
0.313381	6.65	20.09	82.3	
0.314367	6.64	20.09	82.4	
0.315259	6.73	20.09	82.5	
0.316256	6.71	20.09	82.6	
0.317259	6.74	20.09	82.7	
0.318066	6.77	20.09	82.8	
0.319183	6.81	20.09	82.9	
0.320616	6.85	20.09	83	
0.322061	6.89	20.09	83.1	
0.323206	6.95	20.09	83.2	
0.324149	6.97	20.09	83.3	
0.324992	6.96	20.09	83.4	
0.325945	7.05	20.09	83.5	
0.326904	7.11	20.09	83.6	
0.327547	7.16	20.09	83.7	
0.328407	7.21	20.09	83.8	
0.329598	7.25	20.09	83.9	
0.330251	7.19	20.09	84	
0.331675	7.29	20.09	84.1	
0.332668	7.29	20.09	84.2	
0.333667	7.26	20.09	84.3	
0.334672	7.3	20.09	84.4	
0.336247	7.37	20.09	84.5	
0.338181	7.38	20.09	84.6	
0.339789	7.41	20.09	84.7	
0.340483	7.43	20.09	84.8	
0.341413	7.46	20.09	84.9	
0.342114	7.45	20.09	85	
0.342818	7.48	20.09	85.1	
0.343289	7.54	20.09	85.2	
0.344116	7.53	20.09	85.3	
0.345185	7.55	20.09	85.4	
0.345662	7.53	20.09	85.5	
0.345901	7.53	20.09	85.6	
0.345781	7.55	20.09	85.7	
0.3465	7.62	20.09	85.8	
0.347947	7.62	20.09	85.9	
0.349284	7.75	20.09	86	
0.350877	7.82	20.09	86.1	
0.352485	7.75	20.09	86.2	
0.353607	7.84	20.09	86.3	
0.355492	7.83	20.09	86.4	
0.356888	7.88	20.09	86.5	
0.358166	7.97	20.09	86.6	
0.359195	7.91	20.09	86.7	
0.360231	7.91	20.09	86.8	
0.361141	7.97	20.09	86.9	
0.362319	8.04	20.09	87	
0.363108	8.04	20.09	87.1	
0.363901	8.05	20.09	87.2	
0.365097	8.08	20.09	87.3	
0.366435	8.1	20.09	87.4	
0.367782	8.09	20.09	87.5	
0.368868	8.19	20.09	87.6	
0.369686	8.22	20.09	87.7	
0.370782	8.2	20.09	87.8	
0.372301	8.28	20.09	87.9	
0.373692	8.27	20.09	88	
0.374953	8.3	20.09	88.1	
0.375799	8.29	20.09	88.2	
0.376364	8.34	20.09	88.3	
0.377644	8.38	20.09	88.4	
0.378644	8.45	20.09	88.5	
0.379651	8.45	20.09	88.6	
0.380518	8.51	20.09	88.7	
0.382409	8.53	20.09	88.8	
0.383583	8.56	20.09	88.9	
0.384911	8.6	20.09	89	
0.385802	8.65	20.09	89.1	
0.386698	8.63	20.09	89.2	
0.387447	8.68	20.09	89.3	
0.389105	8.76	20.09	89.4	
0.390625	8.76	20.09	89.5	
0.391543	8.76	20.09	89.6	
0.392465	8.89	20.09	89.7	
0.393701	8.86	20.09	89.8	
0.394633	8.91	20.09	89.9	
0.395726	8.94	20.09	90	
0.397141	9.01	20.09	90.1	
0.398406	9.02	20.09	90.2	
0.39968	9.07	20.09	90.3	
0.400481	9.05	20.09	90.4	
0.401123	9.03	20.09	90.5	
0.402414	9.04	20.09	90.6	
0.403388	9.08	20.09	90.7	
0.404694	9.15	20.09	90.8	
0.405515	9.16	20.09	90.9	
0.406835	9.17	20.09	91	
0.40833	9.2	20.09	91.1	
0.4095	9.21	20.09	91.2	
0.410678	9.26	20.09	91.3	
0.411523	9.29	20.09	91.4	
0.412541	9.33	20.09	91.5	
0.413736	9.34	20.09	91.6	
0.414766	9.37	20.09	91.7	
0.4158	9.4	20.09	91.8	
0.41684	9.42	20.09	91.9	
0.41806	9.43	20.09	92	
0.41876	9.45	20.09	92.1	
0.419815	9.43	20.09	92.2	
0.420521	9.49	20.09	92.3	
0.421408	9.49	20.09	92.4	
0.422119	9.51	20.09	92.5	
0.424088	9.53	20.09	92.6	
0.425532	9.53	20.09	92.7	
0.426985	9.56	20.09	92.8	
0.428266	9.57	20.09	92.9	
0.429185	9.6	20.09	93	
0.430849	9.66	20.09	93.1	
0.432152	9.68	20.09	93.2	
0.433276	9.73	20.09	93.3	
0.434216	9.76	20.09	93.4	
0.434594	9.78	20.09	93.5	
0.43573	9.82	20.09	93.6	
0.436681	9.85	20.09	93.7	
0.437445	9.89	20.09	93.8	
0.438404	9.95	20.09	93.9	
0.439754	10	20.09	94	
0.441306	10.03	20.09	94.1	
0.442674	10.07	20.09	94.2	
0.44405	10.11	20.09	94.3	
0.445236	10.15	20.09	94.4	
0.446229	10.17	20.09	94.5	
0.446828	10.2	20.09	94.6	
0.447828	10.24	20.09	94.7	
0.44843	10.27	20.09	94.8	
0.450045	10.3	20.09	94.9	
0.450857	10.33	20.09	95	
0.451875	10.36	20.09	95.1	
0.453104	10.37	20.09	95.2	
0.453926	10.39	20.09	95.3	
0.454959	10.42	20.09	95.4	
0.456204	10.46	20.09	95.5	
0.457666	10.5	20.09	95.6	
0.459137	10.54	20.09	95.7	
0.460193	10.58	20.09	95.8	
0.461681	10.62	20.09	95.9	
0.462749	10.65	20.09	96	
0.464468	10.69	20.09	96.1	
0.464684	10.7	20.09	96.2	
0.465333	10.72	20.09	96.3	
0.4662	10.76	20.09	96.4	
0.467727	10.79	20.09	96.5	
0.468384	10.82	20.09	96.6	
0.469704	10.84	20.09	96.7	
0.471476	10.87	20.09	96.8	
0.471921	10.9	20.09	96.9	
0.473485	10.92	20.09	97	
0.474383	10.97	20.09	97.1	
0.475964	11.01	20.09	97.2	
0.477783	11.06	20.09	97.3	
0.479157	11.11	20.09	97.4	
0.480077	11.14	20.09	97.5	
0.481	11.17	20.09	97.6	
0.481696	11.2	20.09	97.7	
0.482859	11.24	20.09	97.8	
0.484027	11.26	20.09	97.9	
0.484966	11.28	20.09	98	
0.486145	11.3	20.09	98.1	
0.486855	11.33	20.09	98.2	
0.488043	11.36	20.09	98.3	
0.489237	11.37	20.09	98.4	
0.490196	11.4	20.09	98.5	
0.490677	11.43	20.09	98.6	
0.492126	11.46	20.09	98.7	
0.493583	11.49	20.09	98.8	
0.49505	11.54	20.09	98.9	
0.496771	11.58	20.09	99	
0.49776	11.6	20.09	99.1	
0.498504	11.63	20.09	99.2	
0.49975	11.67	20.09	99.3	
0.501002	11.69	20.09	99.4	
0.501505	11.7	20.09	99.5	
0.50226	11.72	20.09	99.6	
0.502513	11.73	20.09	99.7	
0.503778	11.75	20.09	99.8	
0.504541	11.79	20.09	99.9	
0.506329	11.82	20.09	100	
0.507872	11.85	20.09	100.1	
0.509424	11.88	20.09	100.2	
0.510465	11.92	20.09	100.3	
0.511771	11.95	20.09	100.4	
0.513084	12	20.09	100.5	
0.514403	12.03	20.09	100.6	
0.51573	12.06	20.09	100.7	
0.516262	12.09	20.09	100.8	
0.517331	12.13	20.09	100.9	
0.518941	12.16	20.09	101	
0.519481	12.2	20.09	101.1	
0.520291	12.21	20.09	101.2	
0.521376	12.23	20.09	101.3	
0.522466	12.26	20.09	101.4	
0.523834	12.3	20.09	101.5	
0.524934	12.32	20.09	101.6	
0.525486	12.34	20.09	101.7	
0.526593	12.37	20.09	101.8	
0.527983	12.4	20.09	101.9	
0.529381	12.43	20.09	102	
0.530223	12.46	20.09	102.1	
0.531067	12.5	20.09	102.2	
0.531632	12.53	20.09	102.3	
0.533333	12.56	20.09	102.4	
0.534188	12.59	20.09	102.5	
0.535332	12.64	20.09	102.6	
0.536193	12.66	20.09	102.7	
0.537346	12.69	20.09	102.8	
0.537924	12.71	20.09	102.9	
0.539084	12.74	20.09	103	
0.540541	12.77	20.09	103.1	
0.541419	12.79	20.09	103.2	
0.542888	12.82	20.09	103.3	
0.544662	12.87	20.09	103.4	
0.545852	12.9	20.09	103.5	
0.546448	12.96	20.09	103.6	
0.547945	12.99	20.09	103.7	
0.549149	13.03	20.09	103.8	
0.550661	13.06	20.09	103.9	
0.551876	13.11	20.09	104	
0.55371	13.15	20.09	104.1	
0.555247	13.18	20.09	104.2	
0.555864	13.2	20.09	104.3	
0.556174	13.23	20.09	104.4	
0.557724	13.24	20.09	104.5	
0.558036	13.27	20.09	104.6	
0.559284	13.3	20.09	104.7	
0.560538	13.34	20.09	104.8	
0.56243	13.37	20.09	104.9	
0.563698	13.4	20.09	105	
0.564334	13.43	20.09	105.1	
0.564972	13.46	20.09	105.2	
0.565291	13.48	20.09	105.3	
0.566572	13.52	20.09	105.4	
0.567215	13.54	20.09	105.5	
0.568505	13.56	20.09	105.6	
0.569801	13.61	20.09	105.7	
0.570776	13.63	20.09	105.8	
0.571429	13.65	20.09	105.9	
0.571755	13.66	20.09	106	
0.572738	13.69	20.09	106.1	
0.573394	13.7	20.09	106.2	
0.574053	13.71	20.09	106.3	
0.575043	13.74	20.09	106.4	
0.575705	13.75	20.09	106.5	
0.577367	13.78	20.09	106.6	
0.579039	13.81	20.09	106.7	
0.580046	13.86	20.09	106.8	
0.58072	13.87	20.09	106.9	
0.581395	13.9	20.09	107	
0.581734	13.94	20.09	107.1	
0.582751	13.97	20.09	107.2	
0.584795	14.02	20.09	107.3	
0.585823	14.04	20.09	107.4	
0.586166	14.06	20.09	107.5	
0.587199	14.09	20.09	107.6	
0.587199	14.11	20.09	107.7	
0.588235	14.12	20.09	107.8	
0.589971	14.15	20.09	107.9	
0.590319	14.17	20.09	108	
0.591017	14.19	20.09	108.1	
0.591716	14.2	20.09	108.2	
0.593472	14.22	20.09	108.3	
0.59453	14.25	20.09	108.4	
0.595593	14.29	20.09	108.5	
0.596659	14.32	20.09	108.6	
0.596659	14.33	20.09	108.7	
0.598086	14.36	20.09	108.8	
0.598086	14.37	20.09	108.9	
0.598086	14.39	20.09	109	
0.59952	14.42	20.09	109.1	
0.600601	14.45	20.09	109.2	
0.601685	14.51	20.09	109.3	
0.60241	14.53	20.09	109.4	
0.603136	14.55	20.09	109.5	
0.60423	14.58	20.09	109.6	
0.605327	14.59	20.09	109.7	
0.605694	14.61	20.09	109.8	
0.606796	14.63	20.09	109.9	
0.607533	14.65	20.09	110	
0.607903	14.67	20.09	110.1	
0.608273	14.67	20.09	110.2	
0.609385	14.69	20.09	110.3	
0.610874	14.72	20.09	110.4	
0.611995	14.77	20.09	110.5	
0.613497	14.8	20.09	110.6	
0.614628	14.82	20.09	110.7	
0.614628	14.84	20.09	110.8	
0.615385	14.87	20.09	110.9	
0.616523	14.9	20.09	111	
0.618047	14.94	20.09	111.1	
0.618429	14.97	20.09	111.2	
0.619579	15.01	20.09	111.3	
0.620732	15.03	20.09	111.4	
0.620732	15.05	20.09	111.5	
0.621504	15.07	20.09	111.6	
0.622278	15.09	20.09	111.7	
0.623053	15.1	20.09	111.8	
0.62422	15.1	20.09	111.9	
0.62461	15.11	20.09	112	
0.625	15.12	20.09	112.1	
0.626174	15.15	20.09	112.2	
0.626959	15.18	20.09	112.3	
0.628931	15.23	20.09	112.4	
0.630517	15.29	20.09	112.5	
0.631313	15.32	20.09	112.6	
0.632511	15.35	20.09	112.7	
0.632511	15.35	20.09	112.8	
0.633312	15.38	20.09	112.9	
0.633312	15.42	20.09	113	
0.635324	15.48	20.09	113.1	
0.636132	15.51	20.09	113.2	
0.637349	15.53	20.09	113.3	
0.637755	15.55	20.09	113.4	
0.638978	15.57	20.09	113.5	
0.639795	15.58	20.09	113.6	
0.640205	15.61	20.09	113.7	
0.641849	15.62	20.09	113.8	
0.642261	15.63	20.09	113.9	
0.643501	15.66	20.09	114	
0.645161	15.71	20.09	114.1	
0.646412	15.74	20.09	114.2	
0.647668	15.77	20.09	114.3	
0.648508	15.79	20.09	114.4	
0.649351	15.82	20.09	114.5	
0.650195	15.83	20.09	114.6	
0.649773	15.86	20.09	114.7	
0.650618	15.9	20.09	114.8	
0.65189	15.93	20.09	114.9	
0.652742	15.95	20.09	115	
0.653168	15.98	20.09	115.1	
0.65445	15.99	20.09	115.2	
0.655308	16.01	20.09	115.3	
0.655738	16.03	20.09	115.4	
0.65703	16.04	20.09	115.5	
0.65703	16.06	20.09	115.6	
0.658328	16.07	20.09	115.7	
0.659196	16.09	20.09	115.8	
0.660502	16.12	20.09	115.9	
0.661813	16.15	20.09	116	
0.662691	16.19	20.09	116.1	
0.664452	16.23	20.09	116.2	
0.665779	16.27	20.09	116.3	
0.666667	16.28	20.09	116.4	
0.667557	16.31	20.09	116.5	
0.667557	16.36	20.09	116.6	
0.669344	16.4	20.09	116.7	
0.669792	16.44	20.09	116.8	
0.671141	16.46	20.09	116.9	
0.671592	16.48	20.09	117	
0.672043	16.49	20.09	117.1	
0.672948	16.5	20.09	117.2	
0.673854	16.51	20.09	117.3	
0.672948	16.53	20.09	117.4	
0.673854	16.54	20.09	117.5	
0.673401	16.55	20.09	117.6	
0.675219	16.57	20.09	117.7	
0.677048	16.59	20.09	117.8	
0.677507	16.63	20.09	117.9	
0.679348	16.65	20.09	118	
0.67981	16.67	20.09	118.1	
0.680272	16.7	20.09	118.2	
0.681199	16.74	20.09	118.3	
0.682594	16.76	20.09	118.4	
0.683995	16.8	20.09	118.5	
0.684463	16.85	20.09	118.6	
0.686342	16.9	20.09	118.7	
0.686813	16.93	20.09	118.8	
0.688231	16.95	20.09	118.9	
0.688705	16.97	20.09	119	
0.689655	16.99	20.09	119.1	
0.690608	17.01	20.09	119.2	
0.691085	17.02	20.09	119.3	
0.691563	17.05	20.09	119.4	
0.692521	17.06	20.09	119.5	
0.693481	17.09	20.09	119.6	
0.694444	17.1	20.09	119.7	
0.69541	17.12	20.09	119.8	
0.696379	17.13	20.09	119.9	
0.696864	17.16	20.09	120	
0.697837	17.19	20.09	120.1	
0.698324	17.22	20.09	120.2	
0.698812	17.24	20.09	120.3	
0.701262	17.28	20.09	120.4	
0.702247	17.32	20.09	120.5	
0.703235	17.34	20.09	120.6	
0.70373	17.38	20.09	120.7	
0.704225	17.41	20.09	120.8	
0.705219	17.43	20.09	120.9	
0.705219	17.44	20.09	121	
0.706215	17.45	20.09	121.1	
0.706714	17.46	20.09	121.2	
0.707214	17.46	20.09	121.3	
0.707714	17.47	20.09	121.4	
0.708215	17.49	20.09	121.5	
0.708215	17.51	20.09	121.6	
0.710227	17.54	20.09	121.7	
0.711744	17.58	20.09	121.8	
0.712758	17.61	20.09	121.9	
0.713776	17.64	20.09	122	
0.714796	17.69	20.09	122.1	
0.716332	17.74	20.09	122.2	
0.716846	17.77	20.09	122.3	
0.718391	17.8	20.09	122.4	
0.719424	17.83	20.09	122.5	
0.719942	17.85	20.09	122.6	
0.719942	17.87	20.09	122.7	
0.721501	17.89	20.09	122.8	
0.722022	17.9	20.09	122.9	
0.723066	17.9	20.09	123	
0.722543	17.92	20.09	123.1	
0.722543	17.93	20.09	123.2	
0.724113	17.97	20.09	123.3	
0.724638	18	20.09	123.4	
0.725689	18.08	20.09	123.5	
0.727802	18.17	20.09	123.6	
0.729395	18.25	20.09	123.7	
0.731529	18.29	20.09	123.8	
0.732064	18.33	20.09	123.9	
0.733138	18.35	20.09	124	
0.733676	18.36	20.09	124.1	
0.734754	18.37	20.09	124.2	
0.734214	18.37	20.09	124.3	
0.734754	18.37	20.09	124.4	
0.735835	18.38	20.09	124.5	
0.73692	18.38	20.09	124.6	
0.738007	18.38	20.09	124.7	
0.739098	18.39	20.09	124.8	
0.739098	18.4	20.09	124.9	
0.740741	18.41	20.09	125	
0.74239	18.43	20.09	125.1	
0.743494	18.43	20.09	125.2	
0.745156	18.49	20.09	125.3	
0.746269	18.55	20.09	125.4	
0.746269	18.59	20.09	125.5	
0.747384	18.6	20.09	125.6	
0.749064	18.7	20.09	125.7	
0.749625	18.73	20.09	125.8	
0.749625	18.76	20.09	125.9	
0.752445	18.79	20.09	126	
0.753012	18.82	20.09	126.1	
0.75358	18.82	20.09	126.2	
0.75358	18.85	20.09	126.3	
0.754717	18.86	20.09	126.4	
0.755287	18.86	20.09	126.5	
0.757002	18.88	20.09	126.6	
0.758725	18.89	20.09	126.7	
0.759878	18.95	20.09	126.8	
0.760456	18.98	20.09	126.9	
0.762195	19.01	20.09	127	
0.763359	19.03	20.09	127.1	
0.762195	19.05	20.09	127.2	
0.765111	19.11	20.09	127.3	
0.766284	19.11	20.09	127.4	
0.766871	19.16	20.09	127.5	
0.76864	19.21	20.09	127.6	
0.769231	19.21	20.09	127.7	
0.769823	19.22	20.09	127.8	
0.769823	19.21	20.09	127.9	
0.77101	19.24	20.09	128	
0.772798	19.26	20.09	128.1	
0.773994	19.3	20.09	128.2	
0.775795	19.35	20.09	128.3	
0.776398	19.39	20.09	128.4	
0.778816	19.44	20.09	128.5	
0.778816	19.48	20.09	128.6	
0.780031	19.5	20.09	128.7	
0.78125	19.55	20.09	128.8	
0.783085	19.58	20.09	128.9	
0.784314	19.64	20.09	129	
0.784929	19.7	20.09	129.1	
0.784929	19.69	20.09	129.2	
0.785546	19.75	20.09	129.3	
0.787402	19.75	20.09	129.4	
0.787402	19.78	20.09	129.5	
0.790514	19.8	20.09	129.6	
0.790514	19.82	20.09	129.7	
0.792393	19.85	20.09	129.8	
0.793651	19.88	20.09	129.9	
0.794281	19.89	20.09	130	
0.794913	19.91	20.09	130.1	
0.794913	19.95	20.09	130.2	
0.797448	19.99	20.09	130.3	
0.798085	20.03	20.09	130.4	
0.798722	20.06	20.09	130.5	
0.799361	20.08	20.09	130.6	
0.800641	20.12	20.09	130.7	
0.800641	20.13	20.09	130.8	
0.801925	20.14	20.09	130.9	
0.803213	20.16	20.09	131	
0.802568	20.19	20.09	131.1	
0.803859	20.2	20.09	131.2	
0.803859	20.22	20.09	131.3	
0.806452	20.24	20.09	131.4	
0.806452	20.29	20.09	131.5	
0.808407	20.31	20.09	131.6	
0.809717	20.35	20.09	131.7	
0.81103	20.35	20.09	131.8	
0.811688	20.37	20.09	131.9	
0.81367	20.46	20.09	132	
0.814332	20.48	20.09	132.1	
0.815661	20.52	20.09	132.2	
0.817661	20.59	20.09	132.3	
0.816993	20.63	20.09	132.4	
0.818331	20.66	20.09	132.5	
0.818331	20.67	20.09	132.6	
0.819001	20.67	20.09	132.7	
0.819001	20.68	20.09	132.8	
0.820345	20.68	20.09	132.9	
0.820345	20.69	20.09	133	
0.821693	20.73	20.09	133.1	
0.823723	20.73	20.09	133.2	
0.824402	20.79	20.09	133.3	
0.825764	20.82	20.09	133.4	
0.825083	20.86	20.09	133.5	
0.827815	20.86	20.09	133.6	
0.8285	20.89	20.09	133.7	
0.829876	20.91	20.09	133.8	
0.831255	20.97	20.09	133.9	
0.831947	21.03	20.09	134	
0.833333	21.05	20.09	134.1	
0.834028	21.06	20.09	134.2	
0.834028	21.03	20.09	134.3	
0.834725	21.06	20.09	134.4	
0.83612	21.1	20.09	134.5	
0.837521	21.14	20.09	134.6	
0.837521	21.18	20.09	134.7	
0.838926	21.06	20.09	134.8	
0.839631	21.01	20.09	134.9	
0.840336	21.13	20.09	135	
0.841751	21.24	20.09	135.1	
0.841751	21.34	20.09	135.2	
0.843882	21.37	20.09	135.3	
0.844595	21.4	20.09	135.4	
0.845309	21.4	20.09	135.5	
0.84674	21.46	20.09	135.6	
0.848176	21.51	20.09	135.7	
0.849618	21.52	20.09	135.8	
0.85034	21.5	20.09	135.9	
0.85034	21.55	20.09	136	
0.853242	21.62	20.09	136.1	
0.854701	21.64	20.09	136.2	
0.854701	21.71	20.09	136.3	
0.856898	21.74	20.09	136.4	
0.857633	21.75	20.09	136.5	
0.857633	21.8	20.09	136.6	
0.859107	21.79	20.09	136.7	
0.861326	21.84	20.09	136.8	
0.862069	21.89	20.09	136.9	
0.861326	21.9	20.09	137	
0.862813	21.95	20.09	137.1	
0.864304	21.98	20.09	137.2	
0.866551	22	20.09	137.3	
0.867303	22.06	20.09	137.4	
0.866551	22.07	20.09	137.5	
0.86881	22.1	20.09	137.6	
0.86881	22.12	20.09	137.7	
0.869565	22.17	20.09	137.8	
0.8726	22.2	20.09	137.9	
0.874126	22.21	20.09	138	
0.874126	22.23	20.09	138.1	
0.875657	22.25	20.09	138.2	
0.874891	22.3	20.09	138.3	
0.877193	22.33	20.09	138.4	
0.875657	22.37	20.09	138.5	
0.877963	22.38	20.09	138.6	
0.878735	22.41	20.09	138.7	
0.878735	22.45	20.09	138.8	
0.881834	22.47	20.09	138.9	
