0.247463	5.31	25.14	82.1	
0.245821	5.32	25.14	82.4	
0.23596	5.33	25.14	83.4	
0.258665	5.31	25.14	89	
0.261233	5.33	25.14	89.4	
0.262536	5.33	25.14	89.6	
0.263505	5.31	25.14	89.7	
0.264201	5.34	25.14	89.8	
0.265111	5.45	25.14	89.9	
0.265745	5.37	25.14	90	
0.266667	5.31	25.14	90.1	
0.267451	5.39	25.14	90.2	
0.268673	5.4	25.14	90.3	
0.269833	5.41	25.14	90.4	
0.270856	5.63	25.14	90.5	
0.271813	5.53	25.14	90.6	
0.27248	5.52	25.14	90.7	
0.272851	5.48	25.14	90.8	
0.274048	5.7	25.14	90.9	
0.275103	5.69	25.14	91	
0.276167	5.73	25.14	91.1	
0.277316	5.72	25.14	91.2	
0.278474	5.76	25.14	91.3	
0.279486	5.73	25.14	91.4	
0.280269	5.77	25.14	91.5	
0.281215	5.82	25.14	91.6	
0.282008	5.82	25.14	91.7	
0.282885	5.85	25.14	91.8	
0.283688	5.86	25.14	91.9	
0.284414	5.88	25.14	92	
0.285144	5.92	25.14	92.1	
0.285714	5.95	25.14	92.2	
0.286533	5.96	25.14	92.3	
0.287191	6	25.14	92.4	
0.288101	6.02	25.14	92.5	
0.289101	6.07	25.14	92.6	
0.290444	6.1	25.14	92.7	
0.291375	6.06	25.14	92.8	
0.291971	6.09	25.14	92.9	
0.292569	6.12	25.14	93	
0.292912	6.11	25.14	93.1	
0.293083	6.14	25.14	93.2	
0.293772	6.12	25.14	93.3	
0.294724	6.13	25.14	93.4	
0.295334	6.15	25.14	93.5	
0.296121	6.14	25.14	93.6	
0.296824	6.27	25.14	93.7	
0.297177	6.16	25.14	93.8	
0.297442	6.24	25.14	93.9	
0.298329	6.32	25.14	94	
0.30021	6.39	25.14	94.1	
0.301659	6.37	25.14	94.2	
0.302939	6.46	25.14	94.3	
0.303767	6.48	25.14	94.4	
0.304692	6.49	25.14	94.5	
0.30553	6.55	25.14	94.6	
0.306654	6.6	25.14	94.7	
0.307882	6.59	25.14	94.8	
0.309119	6.57	25.14	94.9	
0.310078	6.68	25.14	95	
0.310849	6.71	25.14	95.1	
0.311721	6.73	25.14	95.2	
0.312793	6.77	25.14	95.3	
0.313972	6.8	25.14	95.4	
0.31506	6.76	25.14	95.5	
0.316556	6.88	25.14	95.6	
0.318471	6.95	25.14	95.7	
0.319591	7.01	25.14	95.8	
0.320616	7.03	25.14	95.9	
0.32144	6.99	25.14	96	
0.322373	6.97	25.14	96.1	
0.323415	7.1	25.14	96.2	
0.324254	7.14	25.14	96.3	
0.325098	7.2	25.14	96.4	
0.325627	7.28	25.14	96.5	
0.326584	7.19	25.14	96.6	
0.327332	7.18	25.14	96.7	
0.328299	7.3	25.14	96.8	
0.330142	7.28	25.14	96.9	
0.331455	7.3	25.14	97	
0.333111	7.39	25.14	97.1	
0.334784	7.38	25.14	97.2	
0.335796	7.46	25.14	97.3	
0.337041	7.55	25.14	97.4	
0.338066	7.42	25.14	97.5	
0.339213	7.52	25.14	97.6	
0.341064	7.53	25.14	97.7	
0.342231	7.6	25.14	97.8	
0.343525	7.6	25.14	97.9	
0.344234	7.54	25.14	98	
0.34459	7.59	25.14	98.1	
0.345185	7.62	25.14	98.2	
0.345901	7.68	25.14	98.3	
0.346741	7.73	25.14	98.4	
0.347464	7.78	25.14	98.5	
0.348797	7.76	25.14	98.6	
0.350018	7.86	25.14	98.7	
0.351617	7.95	25.14	98.8	
0.352983	7.94	25.14	98.9	
0.354484	7.93	25.14	99	
0.355619	7.92	25.14	99.1	
0.357143	7.96	25.14	99.2	
0.35868	8.11	25.14	99.3	
0.359842	7.99	25.14	99.4	
0.360101	8.02	25.14	99.5	
0.360881	8.08	25.14	99.6	
0.361664	8.15	25.14	99.7	
0.362319	8.02	25.14	99.8	
0.362845	8.12	25.14	99.9	
0.363901	8.15	25.14	100	
0.365631	8.15	25.14	100.1	
0.366703	8.22	25.14	100.2	
0.367377	8.16	25.14	100.3	
0.368189	8.29	25.14	100.4	
0.368596	8.26	25.14	100.5	
0.368868	8.33	25.14	100.6	
0.369959	8.3	25.14	100.7	
0.370782	8.32	25.14	100.8	
0.371885	8.36	25.14	100.9	
0.372439	8.41	25.14	101	
0.373413	8.4	25.14	101.1	
0.374532	8.41	25.14	101.2	
0.376081	8.5	25.14	101.3	
0.377644	8.51	25.14	101.4	
0.378644	8.6	25.14	101.5	
0.379363	8.48	25.13	101.6	
0.379939	8.61	25.14	101.7	
0.380662	8.64	25.14	101.8	
0.381825	8.63	25.13	101.9	
0.382555	8.76	25.13	102	
0.383142	8.77	25.13	102.1	
0.384172	8.77	25.13	102.2	
0.385208	8.76	25.13	102.3	
0.38625	8.73	25.13	102.4	
0.386997	8.95	25.13	102.5	
0.387597	9.02	25.13	102.6	
0.387898	8.88	25.13	102.7	
0.38835	8.87	25.13	102.8	
0.388954	8.98	25.13	102.9	
0.38956	8.85	25.13	103	
0.390168	8.98	25.13	103.1	
0.390625	8.95	25.13	103.2	
0.391696	8.98	25.13	103.3	
0.392311	9.01	25.13	103.4	
0.393856	9.04	25.13	103.5	
0.394633	9.02	25.13	103.6	
0.395413	9.02	25.13	103.7	
0.396354	9.03	25.13	103.8	
0.397456	9.1	25.13	103.9	
0.398406	9.15	25.13	104	
0.399521	9.14	25.13	104.1	
0.400481	9.16	25.13	104.2	
0.401284	9.12	25.13	104.3	
0.402576	9.14	25.13	104.4	
0.403063	9.2	25.13	104.5	
0.403877	9.21	25.13	104.6	
0.404367	9.23	25.13	104.7	
0.405351	9.25	25.13	104.8	
0.405844	9.26	25.13	104.9	
0.405844	9.28	25.13	105	
0.406009	9.3	25.13	105.1	
0.406835	9.32	25.13	105.2	
0.40783	9.31	25.13	105.3	
0.408664	9.31	25.13	105.4	
0.409333	9.37	25.13	105.5	
0.409836	9.38	25.13	105.6	
0.410509	9.38	25.13	105.7	
0.410846	9.47	25.13	105.8	
0.411862	9.39	25.13	105.9	
0.412882	9.44	25.13	106	
0.414079	9.44	25.13	106.1	
0.414422	9.44	25.13	106.2	
0.4158	9.5	25.13	106.3	
0.417014	9.51	25.13	106.4	
0.418235	9.52	25.13	106.5	
0.418936	9.53	25.13	106.6	
0.419815	9.52	25.13	106.7	
0.420521	9.54	25.13	106.8	
0.42123	9.56	25.13	106.9	
0.421408	9.56	25.13	107	
0.422119	9.58	25.13	107.1	
0.422833	9.58	25.13	107.2	
0.423729	9.63	25.13	107.3	
0.424809	9.64	25.13	107.4	
0.425351	9.65	25.13	107.5	
0.425894	9.66	25.13	107.6	
0.426439	9.69	25.13	107.7	
0.426985	9.74	25.13	107.8	
0.428082	9.77	25.13	107.9	
0.428816	9.77	25.13	108	
0.429553	9.79	25.13	108.1	
0.429923	9.83	25.13	108.2	
0.430478	9.86	25.13	108.3	
0.431779	9.9	25.13	108.4	
0.432339	9.96	25.13	108.5	
0.433651	9.99	25.13	108.6	
0.434972	10.01	25.13	108.7	
0.43554	10.03	25.13	108.8	
0.436491	10.06	25.13	108.9	
0.437063	10.1	25.13	109	
0.43802	10.13	25.13	109.1	
0.438212	10.15	25.13	109.2	
0.438982	10.16	25.13	109.3	
0.439754	10.19	25.13	109.4	
0.440529	10.23	25.13	109.5	
0.441112	10.24	25.13	109.6	
0.441891	10.26	25.13	109.7	
0.443066	10.29	25.13	109.8	
0.444247	10.31	25.13	109.9	
0.445038	10.34	25.13	110	
0.445831	10.35	25.13	110.1	
0.446429	10.37	25.13	110.2	
0.447628	10.38	25.13	110.3	
0.448029	10.4	25.13	110.4	
0.449035	10.42	25.13	110.5	
0.449843	10.46	25.13	110.6	
0.451264	10.49	25.13	110.7	
0.452284	10.52	25.13	110.8	
0.453309	10.55	25.13	110.9	
0.453721	10.57	25.13	111	
0.454545	10.6	25.13	111.1	
0.455373	10.63	25.13	111.2	
0.456204	10.66	25.13	111.3	
0.45683	10.68	25.13	111.4	
0.457875	10.7	25.13	111.5	
0.458505	10.72	25.13	111.6	
0.45977	10.76	25.13	111.7	
0.461042	10.79	25.13	111.8	
0.462321	10.81	25.13	111.9	
0.462535	10.82	25.13	112	
0.463392	10.83	25.13	112.1	
0.464253	10.85	25.13	112.2	
0.4649	10.87	25.13	112.3	
0.465983	10.89	25.13	112.4	
0.466636	10.93	25.13	112.5	
0.467946	10.97	25.13	112.6	
0.469043	10.99	25.13	112.7	
0.469704	11.02	25.13	112.8	
0.470588	11.05	25.13	112.9	
0.471032	11.07	25.13	113	
0.471921	11.1	25.13	113.1	
0.472813	11.14	25.13	113.2	
0.474158	11.17	25.13	113.3	
0.474834	11.2	25.13	113.4	
0.475964	11.23	25.13	113.5	
0.476872	11.25	25.13	113.6	
0.47824	11.27	25.13	113.7	
0.478469	11.28	25.13	113.8	
0.478698	11.29	25.13	113.9	
0.479616	11.31	25.13	114	
0.480307	11.33	25.13	114.1	
0.481232	11.36	25.13	114.2	
0.481928	11.37	25.13	114.3	
0.482859	11.38	25.13	114.4	
0.483559	11.42	25.13	114.5	
0.485437	11.46	25.13	114.6	
0.487329	11.51	25.13	114.7	
0.48852	11.56	25.13	114.8	
0.489237	11.58	25.13	114.9	
0.490196	11.6	25.13	115	
0.490196	11.61	25.13	115.1	
0.490677	11.64	25.13	115.2	
0.491884	11.66	25.13	115.3	
0.492126	11.67	25.13	115.4	
0.492854	11.69	25.13	115.5	
0.49334	11.71	25.13	115.6	
0.494805	11.71	25.13	115.7	
0.49554	11.76	25.13	115.8	
0.496278	11.78	25.13	115.9	
0.497512	11.79	25.13	116	
0.498504	11.81	25.13	116.1	
0.499002	11.82	25.13	116.2	
0.501002	11.86	25.13	116.3	
0.50226	11.88	25.13	116.4	
0.503271	11.92	25.13	116.5	
0.504541	11.95	25.13	116.6	
0.504796	11.99	25.13	116.7	
0.506073	12.02	25.13	116.8	
0.506586	12.06	25.13	116.9	
0.50813	12.09	25.13	117	
0.509165	12.14	25.13	117.1	
0.510725	12.17	25.13	117.2	
0.511509	12.21	25.13	117.3	
0.513084	12.22	25.13	117.4	
0.513611	12.24	25.13	117.5	
0.514139	12.25	25.13	117.6	
0.514668	12.26	25.13	117.7	
0.515464	12.29	25.13	117.8	
0.516529	12.32	25.13	117.9	
0.517598	12.33	25.13	118	
0.518403	12.35	25.13	118.1	
0.519751	12.39	25.13	118.2	
0.520833	12.42	25.13	118.3	
0.521105	12.45	25.13	118.4	
0.522466	12.49	25.13	118.5	
0.523013	12.53	25.13	118.6	
0.524109	12.56	25.13	118.7	
0.525486	12.57	25.13	118.8	
0.526039	12.6	25.13	118.9	
0.526593	12.64	25.13	119	
0.527426	12.66	25.13	119.1	
0.528262	12.69	25.13	119.2	
0.529381	12.71	25.13	119.3	
0.531067	12.73	25.13	119.4	
0.532198	12.76	25.13	119.5	
0.532765	12.78	25.13	119.6	
0.533618	12.8	25.13	119.7	
0.534474	12.81	25.13	119.8	
0.535906	12.84	25.13	119.9	
0.537057	12.89	25.13	120	
0.538213	12.92	25.13	120.1	
0.539084	12.96	25.13	120.2	
0.539957	13	25.13	120.3	
0.540833	13.02	25.13	120.4	
0.542299	13.06	25.13	120.5	
0.543183	13.1	25.13	120.6	
0.544662	13.14	25.13	120.7	
0.545554	13.17	25.13	120.8	
0.547046	13.18	25.13	120.9	
0.547345	13.2	25.13	121	
0.548246	13.22	25.13	121.1	
0.549149	13.24	25.13	121.2	
0.550055	13.27	25.13	121.3	
0.550661	13.29	25.13	121.4	
0.552181	13.31	25.13	121.5	
0.553097	13.36	25.13	121.6	
0.554939	13.39	25.13	121.7	
0.555864	13.44	25.13	121.8	
0.556483	13.46	25.13	121.9	
0.557724	13.48	25.13	122	
0.558036	13.51	25.13	122.1	
0.558971	13.54	25.13	122.2	
0.55991	13.57	25.13	122.3	
0.560852	13.59	25.13	122.4	
0.561482	13.62	25.13	122.5	
0.563063	13.66	25.13	122.6	
0.563698	13.67	25.13	122.7	
0.564972	13.7	25.13	122.8	
0.565931	13.71	25.13	122.9	
0.566572	13.74	25.13	123	
0.567537	13.77	25.13	123.1	
0.568828	13.78	25.13	123.2	
0.569476	13.81	25.13	123.3	
0.570125	13.85	25.13	123.4	
0.571429	13.87	25.13	123.5	
0.57241	13.9	25.13	123.6	
0.573394	13.92	25.13	123.7	
0.574383	13.96	25.13	123.8	
0.574713	13.99	25.13	123.9	
0.576369	14.02	25.13	124	
0.577367	14.06	25.13	124.1	
0.578035	14.07	25.13	124.2	
0.579374	14.11	25.13	124.3	
0.580046	14.15	25.13	124.4	
0.581395	14.15	25.13	124.5	
0.581734	14.16	25.13	124.6	
0.58309	14.19	25.13	124.7	
0.583431	14.2	25.13	124.8	
0.583431	14.23	25.13	124.9	
0.584795	14.25	25.13	125	
0.585823	14.28	25.13	125.1	
0.587199	14.32	25.13	125.2	
0.587544	14.35	25.13	125.3	
0.588928	14.35	25.13	125.4	
0.589275	14.39	25.13	125.5	
0.589623	14.42	25.13	125.6	
0.591017	14.45	25.13	125.7	
0.591716	14.47	25.13	125.8	
0.592768	14.52	25.13	125.9	
0.594177	14.53	25.13	126	
0.594884	14.58	25.13	126.1	
0.595593	14.6	25.13	126.2	
0.597015	14.63	25.13	126.3	
0.598086	14.63	25.13	126.4	
0.598444	14.66	25.13	126.5	
0.599161	14.67	25.13	126.6	
0.600601	14.69	25.13	126.7	
0.601323	14.73	25.13	126.8	
0.603136	14.76	25.13	126.9	
0.603865	14.8	25.13	127	
0.604595	14.82	25.13	127.1	
0.605327	14.83	25.13	127.2	
0.606061	14.87	25.13	127.3	
0.606796	14.9	25.13	127.4	
0.607165	14.93	25.13	127.5	
0.609013	14.95	25.13	127.6	
0.610128	14.99	25.13	127.7	
0.610501	15.03	25.13	127.8	
0.611995	15.06	25.13	127.9	
0.611621	15.07	25.13	128	
0.613497	15.09	25.13	128.1	
0.613497	15.1	25.13	128.2	
0.614628	15.11	25.13	128.3	
0.615764	15.14	25.13	128.4	
0.616903	15.17	25.13	128.5	
0.618047	15.2	25.13	128.6	
0.618812	15.22	25.13	128.7	
0.619579	15.24	25.13	128.8	
0.620732	15.29	25.13	128.9	
0.621504	15.31	25.13	129	
0.621891	15.34	25.13	129.1	
0.622665	15.35	25.13	129.2	
0.623441	15.37	25.13	129.3	
0.62422	15.42	25.13	129.4	
0.625782	15.46	25.13	129.5	
0.627353	15.5	25.13	129.6	
0.628141	15.54	25.13	129.7	
0.628931	15.56	25.13	129.8	
0.63012	15.58	25.13	129.9	
0.63012	15.61	25.13	130	
0.631313	15.62	25.13	130.1	
0.632111	15.63	25.13	130.2	
0.632911	15.65	25.13	130.3	
0.634115	15.67	25.13	130.4	
0.634921	15.7	25.13	130.5	
0.635728	15.73	25.13	130.6	
0.637349	15.74	25.13	130.7	
0.637349	15.76	25.13	130.8	
0.638162	15.79	25.13	130.9	
0.639386	15.81	25.13	131	
0.639795	15.83	25.13	131.1	
0.640615	15.86	25.13	131.2	
0.641026	15.89	25.13	131.3	
0.642674	15.92	25.13	131.4	
0.643501	15.95	25.13	131.5	
0.64433	16	25.13	131.6	
0.645161	16.02	25.13	131.7	
0.645995	16.03	25.13	131.8	
0.647249	16.05	25.13	131.9	
0.648088	16.07	25.13	132	
0.648508	16.11	25.13	132.1	
0.650195	16.13	25.13	132.2	
0.650618	16.15	25.13	132.3	
0.65189	16.18	25.13	132.4	
0.653595	16.2	25.13	132.5	
0.65445	16.22	25.13	132.6	
0.654879	16.25	25.13	132.7	
0.656168	16.28	25.13	132.8	
0.656599	16.3	25.13	132.9	
0.65703	16.35	25.13	133	
0.658762	16.39	25.13	133.1	
0.659631	16.42	25.13	133.2	
0.660939	16.46	25.13	133.3	
0.662252	16.49	25.13	133.4	
0.662252	16.51	25.13	133.5	
0.66313	16.54	25.13	133.6	
0.665336	16.56	25.13	133.7	
0.666223	16.58	25.13	133.8	
0.667111	16.61	25.13	133.9	
0.668003	16.64	25.13	134	
0.668449	16.66	25.13	134.1	
0.669792	16.68	25.13	134.2	
0.670241	16.71	25.13	134.3	
0.671141	16.75	25.12	134.4	
0.672043	16.79	25.13	134.5	
0.673401	16.82	25.12	134.6	
0.675219	16.86	25.12	134.7	
0.676133	16.92	25.12	134.8	
0.677507	16.95	25.12	134.9	
0.679348	17	25.12	135	
0.67981	17.02	25.12	135.1	
0.681199	17.05	25.12	135.2	
0.682128	17.07	25.12	135.3	
0.68306	17.09	25.12	135.4	
0.684463	17.11	25.12	135.5	
0.684463	17.14	25.12	135.6	
0.687285	17.19	25.12	135.7	
0.688231	17.21	25.12	135.8	
0.688705	17.23	25.12	135.9	
0.690608	17.28	25.12	136	
0.691085	17.31	25.12	136.1	
0.691085	17.32	25.12	136.2	
0.692042	17.35	25.12	136.3	
0.692042	17.39	25.12	136.4	
0.693963	17.42	25.12	136.5	
0.694927	17.45	25.12	136.6	
0.696379	17.49	25.12	136.7	
0.696864	17.51	25.12	136.8	
0.698324	17.52	25.12	136.9	
0.698812	17.54	25.12	137	
0.69979	17.56	25.12	137.1	
0.701262	17.58	25.12	137.2	
0.701262	17.6	25.12	137.3	
0.701754	17.63	25.12	137.4	
0.70373	17.67	25.12	137.5	
0.705219	17.71	25.12	137.6	
0.706714	17.76	25.12	137.7	
0.707714	17.8	25.12	137.8	
0.708717	17.83	25.12	137.9	
0.70922	17.87	25.12	138	
0.710227	17.91	25.12	138.1	
0.711744	17.93	25.12	138.2	
0.712251	17.96	25.12	138.3	
0.713776	18.01	25.12	138.4	
0.713776	18.03	25.12	138.5	
0.71582	18.06	25.12	138.6	
0.71582	18.1	25.12	138.7	
0.716332	18.15	25.12	138.8	
0.718391	18.18	25.12	138.9	
0.717875	18.23	25.12	139	
0.718907	18.27	25.12	139.1	
0.718907	18.29	25.12	139.2	
0.720981	18.34	25.12	139.3	
0.722543	18.37	25.12	139.4	
0.723589	18.37	25.12	139.5	
0.725163	18.38	25.12	139.6	
0.725689	18.39	25.12	139.7	
0.726744	18.4	25.12	139.8	
0.728332	18.41	25.12	139.9	
0.728863	18.42	25.12	140	
0.729395	18.43	25.12	140.1	
0.729927	18.44	25.12	140.2	
0.730994	18.47	25.12	140.3	
0.732064	18.44	25.12	140.4	
0.732601	18.42	25.12	140.5	
0.732601	18.53	25.12	140.6	
0.734214	18.52	25.12	140.7	
0.734214	18.55	25.12	140.8	
0.734754	18.57	25.12	140.9	
0.734754	18.61	25.12	141	
0.735835	18.63	25.12	141.1	
0.73692	18.7	25.12	141.2	
0.738552	18.75	25.12	141.3	
0.739098	18.79	25.12	141.4	
0.740741	18.81	25.12	141.5	
0.74129	18.83	25.12	141.6	
0.74184	18.84	25.12	141.7	
0.742942	18.87	25.12	141.8	
0.744048	18.86	25.12	141.9	
0.745156	18.9	25.12	142	
0.746826	18.87	25.12	142.1	
0.747384	18.93	25.12	142.2	
0.749064	18.9	25.12	142.3	
0.750188	18.94	25.12	142.4	
0.750751	19.02	25.12	142.5	
0.751315	19.02	25.12	142.6	
0.751315	19.05	25.12	142.7	
0.753012	19.07	25.12	142.8	
0.754148	19.11	25.12	142.9	
0.755287	19.11	25.12	143	
0.754717	19.2	25.12	143.1	
0.757576	19.22	25.12	143.2	
0.75815	19.25	25.12	143.3	
0.761035	19.3	25.12	143.4	
0.761035	19.3	25.12	143.5	
0.762195	19.31	25.12	143.6	
0.763359	19.37	25.12	143.7	
0.764526	19.35	25.12	143.8	
0.764526	19.39	25.12	143.9	
0.766871	19.45	25.12	144	
0.766284	19.45	25.12	144.1	
0.768049	19.44	25.12	144.2	
0.768049	19.47	25.12	144.3	
0.769823	19.53	25.12	144.4	
0.769823	19.57	25.12	144.5	
0.77101	19.66	25.12	144.6	
0.772201	19.69	25.12	144.7	
0.773994	19.74	25.12	144.8	
0.774593	19.75	25.12	144.9	
0.775194	19.78	25.12	145	
0.777001	19.79	25.12	145.1	
0.77821	19.81	25.12	145.2	
0.77821	19.86	25.12	145.3	
0.780031	19.88	25.12	145.4	
0.780031	19.9	25.12	145.5	
0.782473	19.89	25.12	145.6	
0.782473	19.92	25.12	145.7	
0.783699	19.94	25.12	145.8	
0.784314	19.97	25.12	145.9	
0.784314	20	25.12	146	
0.785546	20.03	25.12	146.1	
0.786782	20.06	25.12	146.2	
0.788022	20.11	25.12	146.3	
0.788644	20.12	25.12	146.4	
0.789889	20.18	25.12	146.5	
0.790514	20.21	25.12	146.6	
0.791139	20.2	25.12	146.7	
0.792393	20.24	25.12	146.8	
0.793651	20.26	25.12	146.9	
0.794281	20.3	25.12	147	
0.795545	20.3	25.12	147.1	
0.797448	20.31	25.12	147.2	
0.798722	20.36	25.12	147.3	
0.799361	20.38	25.12	147.4	
0.8	20.44	25.12	147.5	
0.801925	20.47	25.12	147.6	
0.802568	20.5	25.12	147.7	
0.803213	20.59	25.12	147.8	
0.804505	20.62	25.12	147.9	
0.804505	20.67	25.12	148	
0.806452	20.67	25.12	148.1	
0.807103	20.7	25.12	148.2	
0.807754	20.69	25.12	148.3	
0.808407	20.73	25.12	148.4	
0.809061	20.77	25.12	148.5	
0.81103	20.84	25.12	148.6	
0.811688	20.82	25.12	148.7	
0.814332	20.81	25.12	148.8	
0.814996	20.86	25.12	148.9	
0.814996	20.86	25.12	149	
0.818331	21	25.12	149.1	
0.819001	21	25.12	149.2	
0.819001	21.06	25.12	149.3	
0.820345	21.07	25.12	149.4	
0.821018	21.08	25.12	149.5	
0.822368	21.13	25.12	149.6	
0.824402	21.22	25.12	149.7	
0.825764	21.24	25.12	149.8	
0.82713	21.2	25.12	149.9	
0.8285	21.23	25.12	150	
0.829187	21.31	25.12	150.1	
0.829876	21.34	25.12	150.2	
0.829876	21.35	25.12	150.3	
0.830565	21.32	25.12	150.4	
0.831255	21.39	25.12	150.5	
0.831947	21.4	25.12	150.6	
0.832639	21.49	25.12	150.7	
0.834725	21.54	25.12	150.8	
0.835422	21.56	25.12	150.9	
0.83612	21.57	25.12	151	
0.837521	21.58	25.12	151.1	
0.838926	21.64	25.12	151.2	
0.839631	21.62	25.12	151.3	
0.841751	21.68	25.12	151.4	
0.84317	21.73	25.12	151.5	
0.843882	21.79	25.12	151.6	
0.845309	21.82	25.12	151.7	
0.845309	21.82	25.12	151.8	
0.84674	21.85	25.12	151.9	
0.84674	21.86	25.12	152	
0.848176	21.88	25.12	152.1	
0.848176	21.95	25.12	152.2	
0.849618	21.95	25.12	152.3	
0.85034	21.98	25.12	152.4	
0.849618	21.97	25.12	152.5	
0.851064	22	25.12	152.6	
0.853242	22.06	25.12	152.7	
0.854701	22.09	25.12	152.8	
0.856164	22.11	25.12	152.9	
0.855432	22.13	25.12	153	
0.857633	22.16	25.12	153.1	
0.857633	22.18	25.12	153.2	
0.859107	22.19	25.12	153.3	
0.860585	22.23	25.12	153.4	
0.860585	22.3	25.12	153.5	
0.862069	22.36	25.12	153.6	
0.864304	22.38	25.12	153.7	
0.863558	22.41	25.12	153.8	
0.865052	22.43	25.12	153.9	
0.865052	22.5	25.12	154	
0.868056	22.5	25.12	154.1	
0.86881	22.49	25.12	154.2	
