1,080	22,66	10,12
1,079	22,66	10,12
1,079	22,66	10,12
1,081	22,66	10,12
1,079	22,66	10,12
1,080	22,66	10,12
1,079	22,66	10,12
1,080	22,66	10,12
1,079	22,66	10,12
1,079	22,66	10,12
1,080	22,66	10,12
1,080	22,66	10,12
1,080	22,66	10,12
1,080	22,66	10,12
1,079	22,66	10,12
1,080	22,66	10,12
1,080	22,66	10,12
1,079	22,66	10,12
1,080	22,66	10,12
1,080	22,66	10,12
1,079	22,66	10,12
1,080	22,66	10,12
1,078	22,66	10,12
1,080	22,66	10,12
1,077	22,66	10,12
1,079	22,66	10,12
1,079	22,66	10,12
1,079	22,66	10,12
1,080	22,66	10,12
1,080	22,66	10,12
1,080	22,66	10,12
1,081	22,66	10,12
1,080	22,66	10,12
1,080	22,66	10,12
1,080	22,66	10,12
1,079	22,66	10,12
1,080	22,66	10,12
1,082	22,66	10,12
1,081	22,66	10,12
1,080	22,66	10,12
1,082	22,66	10,12
1,082	22,66	10,12
1,084	22,66	10,12
1,082	22,66	10,12
1,083	22,66	10,12
1,083	22,66	10,12
1,084	22,66	10,12
1,085	22,66	10,12
1,087	22,66	10,12
1,086	22,66	10,12
1,087	22,66	10,12
1,086	22,66	10,12
1,088	22,67	10,12
1,088	22,67	10,12
1,090	22,67	10,12
1,091	22,67	10,12
1,090	22,67	10,12
1,092	22,67	10,12
1,092	22,67	10,12
1,094	22,67	10,12
1,095	22,67	10,12
1,094	22,67	10,12
1,095	22,67	10,12
1,095	22,67	10,12
1,095	22,67	10,12
1,095	22,65	10,12
1,097	22,63	10,12
1,096	22,60	10,12
1,097	22,60	10,12
1,098	22,59	10,12
1,098	22,58	10,12
1,099	22,58	10,12
1,099	22,58	10,12
1,101	22,58	10,12
1,100	22,51	10,12
1,102	22,51	10,12
1,102	22,52	10,12
1,103	22,49	10,12
1,103	22,48	10,12
1,104	22,44	10,12
1,104	22,45	10,12
1,105	22,45	10,12
1,105	22,40	10,12
1,106	22,40	10,12
1,109	22,37	10,12
1,109	22,34	10,12
1,110	22,33	10,12
1,111	22,31	10,12
1,112	22,32	10,12
1,112	22,31	10,12
1,112	22,29	10,12
1,112	22,26	10,12
1,116	22,26	10,12
1,114	22,25	10,12
1,116	22,23	10,12
1,115	22,23	10,12
1,116	22,23	10,12
1,118	22,22	10,12
1,118	22,18	10,12
1,121	22,15	10,12
1,121	22,11	10,12
1,120	22,07	10,12
1,122	22,01	10,12
1,123	21,98	10,12
1,125	21,98	10,12
1,124	21,94	10,12
1,126	21,93	10,12
1,126	21,89	10,12
1,128	21,88	10,12
1,128	21,87	10,12
1,132	21,83	10,12
1,131	21,81	10,12
1,130	21,76	10,12
1,130	21,56	10,12
1,132	21,70	10,12
1,134	21,78	10,12
1,134	21,75	10,12
1,135	21,76	10,12
1,136	21,77	10,12
1,135	21,73	10,12
1,136	21,74	10,12
1,138	21,72	10,12
1,137	21,71	10,12
1,139	21,73	10,12
1,139	21,70	10,12
1,140	21,71	10,12
1,140	21,70	10,12
1,142	21,67	10,12
1,141	21,65	10,12
1,142	21,62	10,12
1,142	21,61	10,12
1,143	21,58	10,12
1,146	21,56	10,12
1,146	21,58	10,12
1,146	21,52	10,12
1,148	21,50	10,12
1,148	21,52	10,12
1,148	21,51	10,12
1,149	21,49	10,12
1,149	21,48	10,12
1,151	21,44	10,12
1,151	21,39	10,12
1,152	21,39	10,12
1,152	21,38	10,12
1,153	21,35	10,12
1,154	21,33	10,12
1,155	21,33	10,12
1,157	21,33	10,12
1,157	21,29	10,12
1,158	21,26	10,12
1,160	21,24	10,12
1,160	21,24	10,12
1,160	21,25	10,12
1,161	21,24	10,12
1,162	21,24	10,12
1,161	21,23	10,12
1,162	21,21	10,12
1,164	21,20	10,12
1,162	21,19	10,12
1,166	21,18	10,12
1,166	21,13	10,12
1,168	21,12	10,12
1,171	21,11	10,12
1,169	21,05	10,12
1,170	21,03	10,12
1,170	21,05	10,12
1,172	21,03	10,12
1,172	20,95	10,12
1,172	20,93	10,12
1,175	20,91	10,12
1,175	20,92	10,12
1,176	20,91	10,12
1,176	20,91	10,12
1,177	20,86	10,12
1,178	20,81	10,12
1,179	20,83	10,12
1,179	20,86	10,12
1,181	20,82	10,12
1,184	20,81	10,12
1,185	20,81	10,12
1,184	20,79	10,12
1,186	20,75	10,12
1,188	20,73	10,12
1,187	20,73	10,12
1,186	20,71	10,12
1,190	20,69	10,12
1,189	20,68	10,12
1,192	20,67	10,12
1,192	20,60	10,12
1,191	20,59	10,12
1,194	20,57	10,12
1,193	20,53	10,12
1,196	20,49	10,12
1,197	20,45	10,12
1,197	20,44	10,12
1,198	20,46	10,12
1,199	20,44	10,12
1,199	20,42	10,12
1,201	20,40	10,12
1,202	20,41	10,12
1,203	20,35	10,12
1,204	20,35	10,12
1,205	20,33	10,12
1,206	20,32	10,12
1,209	20,29	10,12
1,208	20,32	10,12
1,209	20,31	10,12
1,209	20,28	10,12
1,211	20,27	10,12
1,210	20,25	10,12
1,213	20,24	10,12
1,213	20,20	10,12
1,214	20,17	10,12
1,215	20,17	10,12
1,214	20,15	10,12
1,216	20,12	10,12
1,217	20,11	10,12
1,217	20,10	10,12
1,219	20,07	10,12
1,221	20,05	10,12
1,223	20,02	10,12
1,223	19,99	10,12
1,223	19,98	10,12
1,225	19,98	10,12
1,226	19,96	10,12
1,229	19,91	10,12
1,230	19,88	10,12
1,231	19,90	10,12
1,232	19,90	10,12
1,232	19,86	10,12
1,233	19,84	10,12
1,235	19,82	10,12
1,235	19,79	10,12
1,236	19,77	10,12
1,238	19,79	10,12
1,236	19,79	10,12
1,238	19,77	10,12
1,239	19,75	10,12
1,239	19,75	10,12
1,240	19,75	10,12
1,242	19,70	10,12
1,242	19,67	10,12
1,242	19,71	10,12
1,244	19,68	10,12
1,244	19,62	10,12
1,246	19,60	10,12
1,247	19,59	10,12
1,248	19,57	10,12
1,249	19,53	10,12
1,250	19,55	10,12
1,252	19,52	10,12
1,250	19,49	10,12
1,254	19,48	10,12
1,255	19,47	10,12
1,254	19,41	10,12
1,256	19,40	10,13
1,258	19,38	10,12
1,259	19,37	10,12
1,258	19,39	10,13
1,261	19,38	10,13
1,262	19,31	10,12
1,262	19,32	10,13
1,265	19,32	10,13
1,265	19,32	10,13
1,266	19,28	10,13
1,268	19,23	10,13
1,268	19,22	10,13
1,270	19,20	10,13
1,272	19,15	10,13
1,273	19,13	10,13
1,273	19,13	10,13
1,275	19,14	10,13
1,277	19,12	10,13
1,277	19,11	10,13
1,278	19,08	10,13
1,278	19,08	10,13
1,281	19,07	10,13
1,280	19,05	10,13
1,280	19,03	10,13
1,282	19,00	10,13
1,282	19,00	10,13
1,286	19,00	10,13
1,284	18,93	10,13
1,286	18,93	10,12
1,287	18,96	10,13
1,289	18,93	10,13
1,292	18,88	10,13
1,292	18,90	10,13
1,292	18,91	10,13
1,294	18,88	10,13
1,293	18,88	10,13
1,296	18,85	10,13
1,299	18,84	10,13
1,298	18,81	10,13
1,300	18,78	10,13
1,301	18,76	10,13
1,301	18,74	10,13
1,303	18,72	10,13
1,305	18,69	10,13
1,306	18,68	10,13
1,307	18,66	10,13
1,306	18,64	10,13
1,308	18,61	10,13
1,309	18,59	10,13
1,308	18,60	10,13
1,311	18,58	10,13
1,310	18,55	10,13
1,312	18,56	10,13
1,314	18,54	10,13
1,314	18,43	10,13
1,317	18,47	10,13
1,317	18,49	10,13
1,319	18,49	10,13
1,318	18,47	10,13
1,320	18,43	10,13
1,320	18,43	10,13
1,322	18,41	10,13
1,324	18,41	10,13
1,326	18,39	10,13
1,327	18,39	10,13
1,328	18,39	10,13
1,330	18,38	10,13
1,332	18,37	10,13
1,332	18,37	10,13
1,335	18,36	10,13
1,334	18,35	10,13
1,335	18,34	10,13
1,337	18,32	10,13
1,337	18,30	10,13
1,338	18,31	10,13
1,337	18,29	10,13
1,339	18,26	10,13
1,340	18,25	10,13
1,341	18,20	10,13
1,343	18,17	10,13
1,346	18,12	10,13
1,347	18,10	10,13
1,349	18,07	10,13
1,349	18,05	10,13
1,350	18,04	10,13
1,352	18,01	10,13
1,353	18,00	10,13
1,353	17,97	10,13
1,355	17,94	10,13
1,356	17,91	10,13
1,359	17,90	10,13
1,357	17,87	10,13
1,358	17,85	10,13
1,360	17,83	10,13
1,362	17,81	10,13
1,363	17,79	10,13
1,363	17,77	10,13
1,366	17,75	10,13
1,366	17,73	10,13
1,368	17,71	10,13
1,369	17,69	10,13
1,370	17,68	10,13
1,372	17,67	10,13
1,373	17,65	10,13
1,374	17,65	10,13
1,375	17,62	10,13
1,377	17,60	10,13
1,379	17,58	10,13
1,381	17,56	10,13
1,382	17,54	10,13
1,382	17,53	10,13
1,385	17,52	10,13
1,385	17,50	10,13
1,386	17,48	10,13
1,389	17,45	10,13
1,389	17,43	10,13
1,390	17,41	10,13
1,392	17,38	10,13
1,394	17,35	10,13
1,395	17,32	10,13
1,397	17,30	10,13
1,398	17,28	10,13
1,401	17,26	10,13
1,401	17,24	10,13
1,403	17,23	10,13
1,403	17,21	10,13
1,404	17,21	10,13
1,406	17,19	10,13
1,407	17,18	10,13
1,407	17,15	10,13
1,409	17,14	10,13
1,411	17,11	10,13
1,412	17,11	10,13
1,412	17,09	10,13
1,415	17,09	10,13
1,418	17,07	10,13
1,417	17,05	10,13
1,420	17,04	10,13
1,419	17,02	10,13
1,422	17,01	10,13
1,425	16,98	10,13
1,425	16,95	10,13
1,426	16,92	10,13
1,429	16,89	10,13
1,432	16,86	10,13
1,431	16,83	10,13
1,433	16,82	10,13
1,435	16,80	10,13
1,436	16,78	10,13
1,437	16,76	10,13
1,440	16,73	10,13
1,440	16,73	10,13
1,442	16,70	10,13
1,445	16,67	10,13
1,449	16,64	10,13
1,449	16,62	10,13
1,452	16,60	10,13
1,453	16,58	10,13
1,453	16,58	10,13
1,455	16,56	10,13
1,455	16,53	10,13
1,458	16,51	10,13
1,460	16,48	10,13
1,459	16,45	10,13
1,461	16,43	10,13
1,465	16,42	10,13
1,463	16,41	10,13
1,465	16,39	10,13
1,467	16,37	10,13
1,469	16,35	10,13
1,470	16,33	10,13
1,473	16,30	10,13
1,475	16,29	10,13
1,475	16,26	10,13
1,477	16,24	10,13
1,479	16,23	10,13
1,479	16,22	10,13
1,483	16,20	10,13
1,483	16,17	10,13
1,485	16,16	10,13
1,486	16,14	10,13
1,489	16,13	10,13
1,490	16,12	10,13
1,492	16,11	10,13
1,491	16,08	10,13
1,494	16,06	10,13
1,494	16,03	10,13
1,495	16,03	10,13
1,497	16,00	10,13
1,501	15,98	10,13
1,502	15,94	10,13
1,502	15,94	10,13
1,505	15,90	10,13
1,506	15,89	10,13
1,507	15,88	10,13
1,509	15,86	10,13
1,510	15,85	10,13
1,512	15,82	10,13
1,515	15,81	10,13
1,514	15,80	10,13
1,517	15,78	10,13
1,519	15,76	10,13
1,520	15,74	10,13
1,523	15,73	10,13
1,525	15,71	10,13
1,525	15,69	10,13
1,527	15,68	10,13
1,527	15,68	10,13
1,529	15,66	10,13
1,531	15,65	10,13
1,533	15,64	10,13
1,534	15,61	10,13
1,536	15,57	10,13
1,537	15,55	10,13
1,538	15,54	10,13
1,540	15,50	10,13
1,544	15,48	10,13
1,546	15,46	10,13
1,547	15,44	10,13
1,548	15,42	10,13
1,549	15,39	10,13
1,551	15,37	10,13
1,555	15,35	10,13
1,557	15,33	10,13
1,557	15,30	10,13
1,561	15,28	10,13
1,563	15,25	10,13
1,565	15,23	10,13
1,567	15,22	10,13
1,569	15,19	10,13
1,570	15,20	10,13
1,570	15,18	10,13
1,571	15,18	10,13
1,573	15,17	10,13
1,575	15,14	10,13
1,576	15,12	10,13
1,577	15,09	10,13
1,578	15,06	10,13
1,581	15,07	10,13
1,579	15,04	10,13
1,583	15,02	10,13
1,584	15,01	10,13
1,586	15,00	10,13
1,588	14,97	10,13
1,590	14,95	10,13
1,591	14,93	10,13
1,590	14,91	10,13
1,595	14,92	10,13
1,597	14,88	10,13
1,599	14,86	10,13
1,598	14,83	10,13
1,601	14,80	10,13
1,602	14,80	10,13
1,606	14,81	10,13
1,605	14,80	10,13
1,606	14,80	10,13
1,607	14,80	10,13
1,609	14,76	10,13
1,611	14,76	10,13
1,613	14,73	10,13
1,615	14,71	10,13
1,615	14,71	10,13
1,617	14,67	10,13
1,619	14,67	10,13
1,620	14,65	10,13
1,623	14,64	10,13
1,622	14,59	10,13
1,625	14,58	10,13
1,629	14,55	10,13
1,629	14,53	10,13
1,631	14,52	10,13
1,633	14,48	10,13
1,635	14,47	10,13
1,638	14,45	10,13
1,641	14,45	10,13
1,642	14,41	10,13
1,645	14,39	10,13
1,646	14,37	10,13
1,646	14,38	10,13
1,649	14,36	10,13
1,648	14,33	10,13
1,651	14,33	10,13
1,654	14,31	10,13
1,653	14,32	10,13
1,655	14,28	10,13
1,657	14,27	10,13
1,660	14,24	10,13
1,663	14,21	10,13
1,664	14,20	10,13
1,667	14,15	10,13
1,669	14,15	10,13
1,671	14,13	10,13
1,673	14,11	10,13
1,675	14,10	10,13
1,678	14,04	10,13
1,681	14,03	10,13
1,682	14,02	10,13
1,685	14,00	10,13
1,689	13,98	10,13
1,691	13,95	10,13
1,694	13,93	10,13
1,695	13,90	10,13
1,698	13,89	10,13
1,698	13,87	10,13
1,701	13,86	10,13
1,703	13,85	10,13
1,703	13,83	10,13
1,705	13,83	10,13
1,708	13,80	10,13
1,710	13,79	10,13
1,711	13,78	10,13
1,712	13,77	10,13
1,714	13,75	10,13
1,717	13,72	10,13
1,720	13,70	10,13
1,721	13,67	10,13
1,724	13,65	10,13
1,727	13,61	10,13
1,731	13,58	10,13
1,733	13,55	10,13
1,736	13,54	10,13
1,739	13,53	10,13
1,740	13,50	10,13
1,742	13,48	10,13
1,745	13,46	10,13
1,746	13,47	10,13
1,748	13,45	10,13
1,749	13,44	10,13
1,752	13,41	10,13
1,754	13,38	10,13
1,758	13,36	10,13
1,759	13,35	10,13
1,761	13,33	10,13
1,764	13,32	10,13
1,765	13,29	10,13
1,766	13,27	10,13
1,768	13,27	10,13
1,769	13,25	10,13
1,772	13,23	10,13
1,776	13,20	10,13
1,779	13,17	10,13
1,780	13,15	10,13
1,783	13,12	10,13
1,789	13,09	10,13
1,792	13,07	10,13
1,793	13,05	10,13
1,797	13,04	10,13
1,797	13,02	10,13
1,798	13,01	10,13
1,799	12,99	10,13
1,800	12,97	10,13
1,802	12,96	10,13
1,805	12,95	10,13
1,806	12,94	10,13
1,806	12,92	10,13
1,808	12,91	10,13
1,809	12,89	10,13
1,812	12,88	10,13
1,815	12,87	10,13
1,818	12,85	10,13
1,819	12,83	10,13
1,820	12,82	10,13
1,821	12,81	10,13
1,823	12,79	10,13
1,826	12,77	10,13
1,830	12,75	10,13
1,831	12,72	10,13
1,833	12,70	10,13
1,835	12,69	10,13
1,839	12,67	10,13
1,842	12,65	10,13
1,845	12,64	10,13
1,845	12,61	10,13
1,848	12,59	10,13
1,848	12,58	10,13
1,849	12,56	10,13
1,853	12,55	10,13
1,856	12,55	10,13
1,858	12,53	10,13
1,858	12,52	10,13
1,859	12,51	10,13
1,861	12,50	10,13
1,864	12,48	10,13
1,866	12,46	10,13
1,867	12,44	10,13
1,870	12,43	10,13
1,870	12,44	10,13
1,873	12,42	10,13
1,874	12,40	10,13
1,875	12,40	10,13
1,878	12,38	10,13
1,880	12,36	10,13
1,884	12,33	10,13
1,885	12,32	10,13
1,887	12,29	10,13
1,890	12,26	10,13
1,894	12,23	10,13
1,897	12,22	10,13
1,898	12,20	10,13
1,899	12,20	10,13
1,898	12,19	10,13
1,902	12,18	10,13
1,905	12,16	10,13
1,908	12,14	10,13
1,911	12,11	10,13
1,914	12,09	10,13
1,917	12,07	10,13
1,921	12,06	10,13
1,922	12,05	10,13
1,924	12,02	10,13
1,929	11,99	10,13
1,932	11,97	10,13
1,934	11,97	10,13
1,937	11,96	10,13
1,937	11,94	10,13
1,939	11,92	10,13
1,940	11,91	10,13
1,944	11,89	10,13
1,946	11,87	10,13
1,949	11,86	10,13
1,950	11,85	10,13
1,951	11,84	10,13
1,954	11,82	10,13
1,954	11,81	10,13
1,957	11,81	10,13
1,958	11,80	10,13
1,962	11,78	10,13
1,959	11,75	10,13
1,964	11,74	10,13
1,966	11,71	10,13
1,968	11,70	10,13
1,971	11,69	10,13
1,971	11,69	10,13
1,970	11,69	10,13
1,974	11,67	10,13
1,976	11,66	10,13
1,979	11,65	10,13
1,982	11,63	10,13
1,982	11,62	10,13
1,985	11,60	10,13
1,988	11,59	10,13
1,988	11,59	10,13
1,988	11,59	10,13
1,991	11,57	10,13
1,992	11,56	10,13
1,993	11,56	10,13
1,992	11,55	10,13
1,997	11,55	10,13
1,997	11,54	10,13
1,999	11,52	10,13
1,999	11,52	10,13
2,002	11,51	10,13
2,003	11,51	10,13
2,005	11,49	10,13
2,006	11,49	10,13
2,009	11,47	10,13
2,011	11,46	10,13
2,013	11,45	10,13
2,014	11,44	10,13
2,016	11,43	10,13
2,017	11,42	10,13
2,019	11,40	10,13
2,020	11,40	10,13
2,023	11,38	10,13
2,024	11,36	10,13
2,028	11,35	10,13
2,030	11,34	10,13
2,033	11,33	10,13
2,033	11,32	10,13
2,035	11,31	10,13
2,037	11,29	10,13
2,039	11,28	10,13
2,040	11,27	10,13
2,042	11,25	10,13
2,045	11,24	10,13
2,048	11,21	10,13
2,052	11,21	10,14
2,052	11,20	10,13
2,055	11,19	10,13
2,058	11,16	10,13
2,059	11,15	10,13
2,061	11,14	10,13
2,063	11,12	10,14
2,064	11,10	10,14
2,069	11,10	10,14
2,070	11,08	10,14
2,073	11,08	10,13
2,071	11,07	10,14
2,074	11,06	10,14
2,076	11,05	10,14
2,078	11,04	10,14
2,080	11,03	10,14
2,084	11,00	10,13
2,087	10,99	10,14
2,088	10,98	10,14
2,091	10,96	10,14
2,091	10,94	10,14
2,094	10,93	10,14
2,094	10,92	10,14
2,098	10,90	10,14
2,099	10,90	10,14
2,103	10,88	10,14
2,102	10,86	10,14
2,104	10,86	10,14
2,108	10,84	10,14
2,111	10,82	10,14
2,115	10,80	10,14
2,116	10,80	10,14
2,119	10,78	10,14
2,122	10,76	10,14
2,125	10,75	10,14
2,125	10,73	10,14
2,131	10,71	10,14
2,132	10,70	10,14
2,136	10,69	10,14
2,139	10,67	10,14
2,140	10,66	10,14
2,144	10,65	10,14
2,145	10,62	10,14
2,149	10,61	10,14
2,151	10,60	10,14
2,155	10,58	10,14
2,158	10,56	10,14
2,159	10,54	10,14
2,163	10,54	10,14
2,165	10,52	10,14
2,168	10,52	10,14
2,172	10,49	10,14
2,175	10,47	10,14
2,179	10,44	10,14
2,180	10,42	10,14
2,182	10,41	10,14
2,185	10,40	10,14
2,185	10,40	10,14
2,189	10,37	10,14
2,193	10,36	10,14
2,197	10,34	10,14
2,199	10,33	10,14
2,200	10,31	10,14
2,203	10,29	10,14
2,205	10,28	10,14
2,208	10,27	10,14
2,210	10,26	10,14
2,212	10,25	10,14
2,215	10,24	10,14
2,216	10,23	10,14
2,218	10,21	10,14
2,220	10,21	10,14
2,222	10,18	10,14
2,224	10,17	10,14
2,225	10,15	10,14
2,228	10,15	10,14
2,230	10,14	10,14
2,234	10,13	10,14
2,235	10,11	10,14
2,238	10,11	10,14
2,236	10,10	10,14
2,240	10,08	10,14
2,244	10,07	10,14
2,246	10,06	10,14
2,247	10,04	10,14
2,249	10,03	10,14
2,253	10,02	10,14
2,256	10,01	10,14
2,260	9,99	10,14
2,262	9,96	10,14
2,266	9,94	10,14
2,267	9,92	10,14
2,269	9,87	10,14
2,274	9,86	10,14
2,277	9,85	10,14
2,279	9,84	10,14
2,281	9,81	10,14
2,284	9,77	10,14
2,287	9,77	10,14
2,291	9,76	10,14
2,292	9,76	10,14
2,293	9,73	10,14
2,294	9,70	10,14
2,295	9,68	10,14
2,296	9,67	10,14
2,298	9,66	10,14
2,302	9,65	10,14
2,305	9,62	10,14
2,309	9,61	10,14
2,311	9,57	10,14
2,313	9,57	10,14
2,316	9,56	10,14
2,318	9,57	10,14
2,318	9,56	10,14
2,322	9,55	10,14
2,322	9,54	10,14
2,325	9,53	10,14
2,328	9,54	10,14
2,329	9,53	10,14
2,332	9,53	10,14
2,335	9,52	10,14
2,338	9,53	10,14
2,339	9,52	10,14
2,344	9,52	10,14
2,348	9,52	10,14
2,351	9,51	10,14
2,355	9,50	10,14
2,357	9,50	10,14
2,361	9,49	10,14
2,365	9,49	10,14
2,367	9,47	10,14
2,370	9,47	10,14
2,372	9,47	10,14
2,374	9,45	10,14
2,376	9,45	10,14
2,378	9,40	10,14
2,382	9,41	10,14
2,387	9,39	10,14
2,394	9,35	10,14
2,396	9,32	10,14
2,400	9,31	10,14
2,402	9,31	10,14
2,405	9,29	10,14
2,408	9,24	10,14
2,410	9,26	10,14
2,412	9,27	10,14
2,416	9,25	10,14
2,417	9,22	10,14
2,420	9,22	10,14
2,423	9,24	10,14
2,426	9,22	10,14
2,430	9,20	10,14
2,434	9,18	10,14
2,438	9,17	10,14
2,443	9,16	10,14
2,444	9,16	10,14
2,446	9,14	10,14
2,450	9,13	10,14
2,452	9,13	10,14
2,454	9,13	10,14
2,456	9,15	10,14
2,458	9,16	10,14
2,461	9,13	10,14
2,462	9,12	10,14
2,464	9,12	10,14
2,466	9,08	10,14
2,468	9,08	10,14
2,469	9,05	10,14
2,471	9,05	10,14
2,475	9,02	10,14
2,479	9,02	10,14
2,483	9,00	10,14
2,487	8,99	10,14
2,488	8,96	10,14
2,491	8,98	10,14
2,493	8,99	10,14
2,497	9,00	10,14
2,500	8,94	10,14
2,503	8,97	10,14
2,506	8,95	10,14
2,506	8,91	10,14
2,509	8,94	10,14
2,512	8,94	10,14
2,513	8,93	10,14
2,516	8,90	10,14
2,518	8,92	10,14
2,522	8,91	10,14
2,525	8,84	10,14
2,530	8,85	10,14
2,530	8,81	10,14
2,535	8,80	10,14
2,540	8,82	10,14
2,543	8,74	10,14
2,546	8,74	10,14
2,550	8,73	10,14
2,554	8,77	10,14
2,556	8,78	10,14
2,559	8,70	10,14
2,562	8,69	10,14
2,565	8,68	10,14
2,567	8,66	10,14
2,571	8,58	10,14
2,574	8,59	10,14
2,577	8,60	10,14
2,582	8,59	10,14
2,585	8,57	10,14
2,589	8,55	10,14
2,594	8,53	10,14
2,596	8,52	10,14
2,598	8,54	10,14
2,600	8,51	10,14
2,608	8,49	10,14
2,613	8,52	10,14
2,620	8,45	10,14
2,624	8,48	10,14
2,626	8,42	10,14
2,628	8,42	10,14
2,633	8,41	10,14
2,635	8,36	10,14
2,637	8,35	10,14
2,639	8,36	10,14
2,642	8,35	10,14
2,646	8,31	10,14
2,648	8,33	10,14
2,652	8,30	10,14
2,656	8,30	10,14
2,660	8,29	10,14
2,666	8,26	10,14
2,669	8,25	10,14
2,673	8,25	10,14
2,676	8,25	10,14
2,680	8,23	10,14
2,683	8,20	10,14
2,687	8,19	10,14
2,691	8,19	10,14
2,694	8,19	10,14
2,699	8,17	10,15
2,703	8,18	10,15
2,708	8,14	10,15
2,712	8,13	10,15
2,712	8,14	10,15
2,712	8,13	10,15
2,711	8,10	10,15
2,712	8,10	10,15
2,717	8,09	10,15
2,730	8,03	10,15
2,737	7,99	10,15
2,744	7,99	10,15
2,747	7,96	10,15
2,750	7,98	10,15
2,755	7,98	10,15
2,756	7,97	10,15
2,759	7,93	10,15
2,764	7,88	10,15
2,768	7,89	10,15
2,770	7,90	10,15
2,776	7,91	10,15
2,779	7,89	10,15
2,782	7,87	10,15
2,785	7,84	10,15
2,791	7,88	10,15
2,797	7,85	10,15
2,803	7,84	10,15
2,806	7,83	10,15
2,814	7,82	10,15
2,820	7,77	10,15
2,824	7,72	10,15
2,829	7,72	10,15
2,833	7,71	10,15
2,837	7,68	10,15
2,845	7,70	10,15
2,852	7,63	10,15
2,852	7,63	10,15
2,852	7,62	10,15
2,857	7,62	10,15
2,865	7,58	10,15
2,868	7,57	10,15
2,869	7,54	10,15
2,875	7,55	10,15
2,882	7,57	10,15
2,888	7,53	10,15
2,895	7,52	10,15
2,900	7,48	10,15
2,905	7,47	10,15
2,911	7,46	10,15
2,913	7,47	10,15
2,920	7,45	10,15
2,926	7,42	10,15
2,932	7,40	10,15
2,936	7,40	10,15
2,938	7,37	10,15
2,943	7,40	10,15
2,946	7,33	10,15
2,951	7,37	10,15
2,958	7,35	10,15
2,963	7,29	10,15
2,967	7,30	10,15
2,971	7,30	10,15
2,975	7,33	10,15
2,981	7,26	10,15
2,982	7,27	10,15
2,987	7,29	10,15
2,993	7,26	10,15
3,000	7,24	10,15
3,004	7,26	10,15
3,007	7,20	10,15
3,016	7,20	10,15
3,015	7,16	10,15
3,016	7,15	10,15
3,020	7,12	10,15
3,024	7,15	10,15
3,031	7,15	10,15
3,038	7,09	10,15
3,043	7,06	10,15
3,051	7,05	10,15
3,056	7,04	10,15
3,062	6,98	10,15
3,066	6,97	10,15
3,071	6,96	10,15
3,074	6,94	10,15
3,077	6,93	10,15
3,080	6,92	10,15
3,085	6,94	10,15
3,096	6,91	10,15
3,104	6,87	10,15
3,109	6,88	10,15
3,115	6,86	10,15
3,120	6,85	10,15
3,125	6,85	10,15
3,132	6,79	10,15
3,136	6,77	10,15
3,140	6,75	10,15
3,142	6,79	10,15
3,149	6,70	10,15
3,157	6,62	10,15
3,161	6,67	10,15
3,166	6,65	10,15
3,177	6,62	10,15
3,184	6,57	10,15
3,191	6,58	10,15
3,196	6,59	10,15
3,201	6,54	10,15
3,209	6,55	10,15
3,215	6,55	10,15
3,218	6,52	10,15
3,222	6,51	10,15
3,228	6,53	10,15
3,236	6,46	10,15
3,242	6,46	10,15
3,246	6,43	10,15
3,254	6,42	10,15
3,258	6,40	10,15
3,270	6,39	10,15
3,280	6,35	10,15
3,289	6,35	10,15
3,297	6,33	10,15
3,303	6,29	10,15
3,310	6,31	10,15
3,314	6,31	10,15
3,317	6,22	10,15
3,323	6,24	10,15
3,327	6,21	10,15
3,336	6,19	10,15
3,343	6,15	10,15
3,350	6,12	10,15
3,351	6,10	10,15
3,354	6,11	10,15
3,357	6,12	10,15
3,365	6,10	10,15
3,375	6,09	10,15
3,381	6,08	10,15
3,386	6,09	10,15
3,397	6,07	10,15
3,407	6,03	10,15
3,416	6,01	10,15
3,420	5,98	10,15
3,424	5,99	10,15
3,429	5,98	10,15
3,433	5,97	10,15
3,438	5,93	10,15
3,441	5,91	10,15
3,446	5,91	10,15
3,453	5,90	10,15
3,456	5,89	10,15
3,461	5,90	10,15
3,476	5,88	10,15
3,484	5,85	10,15
3,484	5,88	10,15
3,492	5,87	10,15
3,501	5,86	10,15
3,509	5,83	10,15
3,520	5,81	10,15
3,529	5,81	10,15
3,535	5,78	10,15
3,543	5,75	10,15
3,550	5,76	10,15
3,560	5,78	10,15
3,569	5,72	10,15
3,581	5,71	10,15
3,590	5,62	10,15
3,595	5,60	10,15
3,596	5,62	10,15
3,610	5,58	10,15
3,620	5,54	10,15
3,632	5,48	10,15
3,642	5,46	10,15
3,648	5,46	10,15
3,653	5,40	10,15
3,662	5,37	10,15
3,668	5,37	10,15
3,671	5,36	10,15
3,668	5,37	10,15
3,670	5,39	10,15
3,674	5,38	10,15
3,686	5,38	10,15
3,701	5,36	10,15
3,713	5,34	10,15
3,720	5,36	10,15
3,731	5,35	10,15
3,740	5,34	10,15
3,752	5,36	10,15
3,759	5,33	10,15
3,764	5,29	10,15
3,768	5,27	10,15
3,772	5,23	10,15
3,777	5,26	10,15
3,785	5,22	10,15
3,799	5,24	10,15
3,810	5,24	10,15
3,813	5,23	10,15
3,811	5,23	10,15
3,814	5,23	10,15
3,830	5,23	10,15
3,844	5,21	10,15
3,855	5,23	10,15
3,866	5,21	10,15
3,876	5,24	10,15
3,882	5,22	10,15
3,891	5,23	10,15
3,898	5,22	10,15
3,904	5,24	10,15
3,917	5,22	10,15
3,927	5,21	10,15
3,937	5,24	10,15
3,948	5,23	10,15
3,958	5,24	10,15
3,970	5,21	10,15
3,984	5,19	10,15
3,990	5,22	10,15
3,998	5,21	10,15
4,008	5,19	10,15
4,013	5,20	10,15
4,021	5,19	10,15
4,026	5,18	10,15
4,033	5,19	10,15
4,038	5,20	10,15
4,045	5,21	10,15
4,053	5,22	10,15
4,060	5,18	10,15
4,071	5,19	10,15
4,085	5,20	10,15
4,094	5,21	10,15
4,095	5,19	10,15
4,092	5,19	10,15
4,092	5,21	10,15
4,092	5,21	10,15
4,105	5,19	10,15
4,123	5,19	10,15
4,139	5,19	10,15
4,155	5,21	10,15
4,168	5,21	10,15
4,179	5,17	10,15
4,187	5,19	10,15
4,192	5,19	10,15
4,200	5,20	10,15
4,208	5,19	10,15
4,214	5,19	10,15
4,223	5,18	10,15
4,236	5,20	10,15
4,239	5,17	10,15
4,243	5,20	10,15
4,253	5,17	10,15
4,259	5,19	10,15
4,267	5,19	10,15
4,278	5,21	10,15
4,288	5,20	10,15
4,301	5,20	10,15
4,303	5,19	10,15
4,304	5,18	10,15
4,302	5,18	10,15
4,303	5,19	10,16
4,302	5,20	10,15
4,303	5,19	10,16
4,302	5,22	10,15
4,303	5,19	10,16
4,304	5,20	10,15
4,303	5,20	10,16
4,304	5,19	10,16
4,304	5,20	10,16
4,304	5,19	10,16
4,304	5,22	10,16
4,304	5,16	10,16
4,304	5,19	10,16
4,302	5,21	10,16
4,304	5,17	10,16
4,303	5,18	10,16
4,302	5,19	10,16
4,303	5,20	10,16
4,304	5,21	10,16
4,303	5,19	10,16
4,302	5,19	10,16
4,304	5,20	10,16
4,302	5,21	10,16
4,303	5,19	10,16
4,306	5,20	10,16
4,304	5,19	10,16
4,303	5,20	10,16
4,304	5,20	10,16
4,305	5,19	10,16
4,303	5,20	10,16
4,303	5,20	10,16
4,303	5,18	10,16
4,303	5,19	10,16
4,303	5,18	10,16
4,303	5,19	10,16
4,305	5,21	10,16
4,303	5,18	10,16
4,304	5,20	10,16
4,303	5,20	10,16
4,303	5,20	10,16
4,302	5,20	10,16
4,303	5,20	10,16
4,304	5,18	10,16
4,304	5,20	10,16
4,303	5,21	10,16
4,303	5,20	10,16
4,302	5,19	10,16
4,304	5,19	10,16
4,303	5,21	10,16
4,302	5,19	10,16
4,303	5,21	10,16
4,303	5,19	10,16
4,303	5,18	10,16
4,304	5,20	10,16
4,300	5,23	10,16
4,285	5,20	10,16
4,269	5,20	10,16
4,257	5,20	10,16
4,246	5,19	10,16
4,226	5,19	10,16
4,206	5,20	10,16
4,192	5,16	10,16
4,181	5,18	10,16
4,170	5,22	10,16
4,162	5,20	10,16
4,154	5,19	10,16
4,149	5,18	10,16
4,147	5,20	10,16
4,149	5,20	10,16
4,145	5,19	10,16
4,134	5,19	10,16
4,121	5,17	10,16
4,112	5,20	10,16
4,103	5,20	10,16
4,096	5,19	10,16
4,086	5,19	10,16
4,077	5,20	10,16
4,065	5,22	10,16
4,058	5,20	10,16
4,048	5,21	10,16
4,035	5,20	10,16
4,030	5,20	10,16
4,031	5,20	10,16
4,031	5,18	10,16
4,019	5,20	10,16
4,005	5,20	10,16
3,988	5,20	10,16
3,975	5,20	10,16
3,961	5,19	10,16
3,949	5,18	10,16
3,941	5,20	10,16
3,929	5,18	10,16
3,910	5,18	10,16
3,893	5,19	10,16
3,881	5,21	10,16
3,869	5,24	10,16
3,860	5,24	10,16
3,853	5,24	10,16
3,845	5,23	10,16
3,836	5,22	10,16
3,831	5,20	10,16
3,827	5,22	10,16
3,820	5,23	10,16
3,810	5,24	10,16
3,800	5,23	10,16
3,794	5,22	10,16
3,786	5,23	10,16
3,774	5,23	10,16
3,767	5,23	10,16
3,765	5,22	10,16
3,756	5,23	10,16
3,744	5,21	10,16
3,732	5,22	10,16
3,722	5,23	10,16
3,712	5,23	10,16
3,706	5,24	10,16
3,693	5,25	10,16
3,684	5,24	10,16
3,676	5,28	10,16
3,667	5,30	10,16
3,656	5,36	10,16
3,645	5,33	10,16
3,639	5,33	10,16
3,630	5,32	10,16
3,620	5,38	10,16
3,607	5,38	10,16
3,599	5,44	10,16
3,592	5,46	10,16
3,586	5,47	10,16
3,577	5,52	10,16
3,572	5,57	10,16
3,565	5,56	10,16
3,558	5,56	10,16
3,550	5,55	10,16
3,546	5,58	10,16
3,538	5,62	10,16
3,527	5,63	10,16
3,525	5,63	10,16
3,524	5,68	10,16
3,517	5,70	10,16
3,510	5,74	10,16
3,501	5,74	10,16
3,493	5,74	10,16
3,482	5,78	10,16
3,473	5,77	10,16
3,462	5,79	10,16
3,452	5,81	10,16
3,440	5,80	10,16
3,427	5,82	10,16
3,419	5,85	10,16
3,405	5,87	10,16
3,395	5,87	10,16
3,387	5,92	10,16
3,379	5,93	10,16
3,374	6,02	10,16
3,369	6,04	10,16
3,363	6,05	10,16
3,355	6,03	10,16
3,341	6,07	10,16
3,335	6,07	10,16
3,330	6,09	10,16
3,321	6,06	10,16
3,313	6,12	10,16
3,308	6,10	10,16
3,302	6,11	10,16
3,297	6,11	10,16
3,292	6,12	10,16
3,283	6,13	10,16
3,276	6,16	10,16
3,268	6,15	10,16
3,260	6,19	10,16
3,251	6,23	10,16
3,241	6,30	10,16
3,230	6,32	10,16
3,217	6,35	10,16
3,208	6,38	10,16
3,199	6,38	10,16
3,192	6,40	10,16
3,187	6,42	10,16
3,180	6,51	10,16
3,175	6,52	10,16
3,169	6,51	10,16
3,162	6,51	10,16
3,155	6,53	10,16
3,149	6,58	10,16
3,144	6,56	10,16
3,139	6,59	10,16
3,131	6,55	10,16
3,121	6,60	10,16
3,116	6,62	10,16
3,117	6,61	10,16
3,117	6,62	10,16
3,116	6,66	10,16
3,109	6,64	10,16
3,098	6,74	10,16
3,089	6,72	10,16
3,080	6,74	10,16
3,073	6,78	10,16
3,064	6,78	10,16
3,059	6,78	10,16
3,051	6,81	10,16
3,042	6,90	10,16
3,034	6,92	10,16
3,025	6,92	10,16
3,019	7,03	10,16
3,015	7,01	10,16
3,010	7,01	10,16
3,006	7,02	10,16
3,000	7,02	10,16
2,995	7,07	10,16
2,988	7,05	10,16
2,985	7,08	10,16
2,980	7,13	10,16
2,976	7,16	10,17
2,971	7,20	10,16
2,966	7,25	10,16
2,958	7,22	10,16
2,950	7,21	10,16
2,941	7,28	10,16
2,937	7,28	10,17
2,934	7,27	10,16
2,927	7,28	10,17
2,919	7,35	10,17
2,913	7,28	10,17
2,909	7,33	10,17
2,904	7,37	10,17
2,895	7,36	10,17
2,886	7,40	10,17
2,875	7,43	10,17
2,867	7,47	10,17
2,861	7,49	10,17
2,856	7,43	10,17
2,852	7,50	10,17
2,847	7,54	10,17
2,839	7,53	10,17
2,833	7,50	10,17
2,826	7,51	10,17
2,816	7,59	10,17
2,810	7,58	10,17
2,800	7,61	10,17
2,796	7,61	10,17
2,793	7,60	10,17
2,791	7,62	10,17
2,789	7,69	10,17
2,782	7,78	10,17
2,776	7,80	10,17
2,773	7,82	10,17
2,766	7,77	10,17
2,761	7,76	10,17
2,754	7,83	10,17
2,746	7,84	10,17
2,736	7,84	10,17
2,729	7,89	10,17
2,722	7,95	10,17
2,719	7,96	10,17
2,715	7,94	10,17
2,710	7,92	10,17
2,703	7,93	10,17
2,694	8,01	10,17
2,689	8,08	10,17
2,682	7,99	10,17
2,678	8,02	10,17
2,671	8,08	10,17
2,663	8,09	10,17
2,657	8,13	10,17
2,651	8,10	10,17
2,645	8,12	10,17
2,639	8,18	10,17
2,634	8,17	10,17
2,629	8,20	10,17
2,625	8,23	10,17
2,620	8,28	10,17
2,612	8,32	10,17
2,606	8,30	10,17
2,600	8,29	10,17
2,595	8,27	10,17
2,593	8,30	10,17
2,588	8,32	10,17
2,583	8,40	10,17
2,576	8,44	10,17
2,572	8,47	10,17
2,566	8,50	10,17
2,562	8,52	10,17
2,558	8,49	10,17
2,551	8,51	10,17
2,543	8,53	10,17
2,538	8,55	10,17
2,534	8,56	10,17
2,530	8,58	10,17
2,524	8,57	10,17
2,518	8,65	10,17
2,513	8,65	10,17
2,509	8,68	10,17
2,502	8,79	10,17
2,497	8,78	10,17
2,491	8,78	10,17
2,485	8,82	10,17
2,479	8,91	10,17
2,473	8,85	10,17
2,470	8,94	10,17
2,463	8,92	10,17
2,458	8,95	10,17
2,451	8,97	10,17
2,447	9,06	10,17
2,437	9,06	10,17
2,430	9,03	10,17
2,423	9,05	10,17
2,418	9,04	10,17
2,416	9,03	10,17
2,412	9,09	10,17
2,408	9,07	10,17
2,402	9,12	10,17
2,399	9,16	10,17
2,392	9,16	10,17
2,385	9,17	10,17
2,380	9,19	10,17
2,375	9,22	10,17
2,369	9,25	10,17
2,361	9,29	10,17
2,359	9,31	10,17
2,355	9,31	10,17
2,349	9,35	10,17
2,342	9,39	10,17
2,334	9,41	10,17
2,329	9,43	10,17
2,327	9,44	10,17
2,321	9,44	10,17
2,319	9,45	10,17
2,317	9,47	10,17
2,313	9,49	10,17
2,309	9,49	10,17
2,306	9,49	10,17
2,302	9,50	10,17
2,298	9,51	10,17
2,294	9,52	10,17
2,289	9,53	10,17
2,285	9,54	10,17
2,280	9,54	10,17
2,278	9,57	10,17
2,275	9,56	10,17
2,271	9,58	10,17
2,268	9,59	10,17
2,263	9,64	10,17
2,260	9,65	10,17
2,255	9,65	10,17
2,252	9,68	10,17
2,247	9,73	10,17
2,241	9,76	10,17
2,238	9,78	10,17
2,234	9,81	10,17
2,230	9,83	10,17
2,223	9,86	10,17
2,218	9,88	10,17
2,219	9,90	10,17
2,216	9,94	10,17
2,212	9,96	10,17
2,209	9,99	10,17
2,204	10,01	10,17
2,199	10,04	10,17
2,195	10,07	10,17
2,192	10,09	10,17
2,190	10,12	10,17
2,187	10,14	10,17
2,183	10,16	10,17
2,177	10,17	10,17
2,175	10,20	10,17
2,173	10,23	10,17
2,171	10,26	10,17
2,166	10,28	10,17
2,161	10,30	10,17
2,155	10,33	10,17
2,153	10,34	10,17
2,152	10,35	10,17
2,148	10,37	10,17
2,145	10,38	10,17
2,142	10,39	10,17
2,138	10,40	10,17
2,135	10,41	10,17
2,130	10,44	10,17
2,129	10,48	10,17
2,124	10,50	10,17
2,119	10,53	10,17
2,114	10,55	10,17
2,111	10,57	10,17
2,109	10,59	10,17
2,106	10,62	10,17
2,103	10,64	10,17
2,098	10,66	10,17
2,097	10,68	10,17
2,094	10,70	10,17
2,090	10,72	10,17
2,088	10,75	10,17
2,081	10,77	10,17
2,077	10,80	10,17
2,077	10,81	10,17
2,072	10,82	10,17
2,070	10,83	10,17
2,067	10,84	10,17
2,064	10,85	10,17
2,060	10,88	10,17
2,058	10,89	10,17
2,055	10,91	10,17
2,050	10,92	10,17
2,047	10,96	10,17
2,044	10,98	10,17
2,038	11,02	10,17
2,037	11,05	10,17
2,030	11,08	10,17
2,029	11,10	10,17
2,027	11,12	10,17
2,023	11,13	10,17
2,024	11,15	10,17
2,019	11,18	10,17
2,017	11,20	10,17
2,013	11,22	10,17
2,009	11,25	10,17
2,006	11,27	10,17
2,000	11,29	10,17
1,999	11,30	10,17
1,995	11,32	10,17
1,993	11,33	10,17
1,990	11,35	10,17
1,988	11,36	10,17
1,985	11,38	10,17
1,983	11,39	10,17
1,980	11,41	10,17
1,975	11,44	10,17
1,972	11,47	10,17
1,966	11,49	10,17
1,964	11,51	10,18
1,960	11,54	10,17
1,957	11,56	10,17
1,956	11,58	10,17
1,953	11,60	10,18
1,950	11,62	10,17
1,946	11,65	10,17
1,943	11,68	10,17
1,939	11,70	10,17
1,935	11,72	10,18
1,933	11,72	10,17
1,931	11,74	10,18
1,929	11,74	10,18
1,928	11,75	10,18
1,925	11,78	10,18
1,922	11,79	10,18
1,918	11,80	10,18
1,915	11,82	10,18
1,912	11,83	10,18
1,908	11,87	10,18
1,905	11,89	10,18
1,901	11,93	10,18
1,897	11,96	10,18
1,893	11,99	10,18
1,891	12,01	10,18
1,890	12,03	10,18
1,886	12,06	10,18
1,884	12,09	10,18
1,881	12,11	10,18
1,878	12,13	10,18
1,877	12,14	10,18
1,874	12,17	10,18
1,872	12,18	10,18
1,870	12,20	10,18
1,864	12,22	10,18
1,862	12,23	10,18
1,862	12,25	10,18
1,858	12,26	10,18
1,855	12,28	10,18
1,852	12,30	10,18
1,852	12,31	10,18
1,848	12,33	10,18
1,844	12,36	10,18
1,840	12,40	10,18
1,837	12,42	10,18
1,836	12,45	10,18
1,832	12,48	10,18
1,833	12,51	10,18
1,828	12,53	10,18
1,824	12,56	10,18
1,820	12,60	10,18
1,815	12,65	10,18
1,811	12,66	10,18
1,809	12,68	10,18
1,807	12,69	10,18
1,802	12,71	10,18
1,798	12,73	10,18
1,797	12,75	10,18
1,795	12,77	10,18
1,795	12,78	10,18
1,792	12,80	10,18
1,787	12,82	10,18
1,783	12,87	10,18
1,780	12,90	10,18
1,775	12,95	10,18
1,771	12,99	10,18
1,770	13,01	10,18
1,768	13,03	10,18
1,764	13,06	10,18
1,762	13,10	10,18
1,756	13,13	10,18
1,753	13,16	10,18
1,751	13,19	10,18
1,748	13,21	10,18
1,745	13,22	10,18
1,742	13,24	10,18
1,739	13,25	10,18
1,738	13,27	10,18
1,733	13,29	10,18
1,733	13,31	10,18
1,730	13,33	10,18
1,728	13,36	10,18
1,725	13,38	10,18
1,725	13,41	10,18
1,719	13,46	10,18
1,719	13,48	10,18
1,714	13,51	10,18
1,711	13,54	10,18
1,709	13,56	10,18
1,706	13,58	10,18
1,704	13,62	10,18
1,699	13,64	10,18
1,699	13,66	10,18
1,695	13,67	10,18
1,692	13,69	10,18
1,691	13,71	10,18
1,689	13,71	10,18
1,687	13,74	10,18
1,684	13,76	10,18
1,682	13,78	10,18
1,678	13,80	10,18
1,676	13,83	10,18
1,675	13,85	10,18
1,673	13,87	10,18
1,673	13,88	10,18
1,671	13,90	10,18
1,670	13,92	10,18
1,666	13,95	10,18
1,666	13,96	10,18
1,665	13,98	10,18
1,664	13,99	10,18
1,660	14,01	10,18
1,659	14,03	10,18
1,657	14,04	10,18
1,654	14,05	10,18
1,653	14,08	10,18
1,653	14,10	10,18
1,649	14,11	10,18
1,649	14,13	10,18
1,646	14,14	10,18
1,643	14,15	10,18
1,642	14,17	10,18
1,639	14,18	10,18
1,638	14,21	10,18
1,633	14,23	10,18
1,630	14,29	10,18
1,627	14,31	10,18
1,625	14,33	10,18
1,624	14,35	10,18
1,625	14,36	10,18
1,622	14,37	10,18
1,620	14,40	10,18
1,617	14,43	10,18
1,615	14,45	10,18
1,615	14,48	10,18
1,613	14,50	10,18
1,612	14,50	10,18
1,612	14,51	10,18
1,609	14,52	10,18
1,610	14,54	10,18
1,606	14,56	10,18
1,604	14,58	10,18
1,602	14,60	10,18
1,601	14,63	10,18
1,597	14,65	10,18
1,596	14,67	10,18
1,595	14,68	10,18
1,593	14,70	10,18
1,588	14,72	10,18
1,588	14,75	10,18
1,583	14,78	10,18
1,581	14,80	10,18
1,580	14,82	10,18
1,577	14,83	10,18
1,576	14,85	10,18
1,574	14,87	10,18
1,573	14,89	10,18
1,573	14,91	10,18
1,570	14,94	10,18
1,568	14,96	10,18
1,566	14,98	10,18
1,563	15,01	10,18
1,561	15,03	10,18
1,560	15,06	10,18
1,558	15,08	10,18
1,554	15,10	10,18
1,552	15,11	10,18
1,551	15,14	10,18
1,548	15,17	10,18
1,544	15,20	10,18
1,542	15,22	10,18
1,540	15,24	10,18
1,540	15,28	10,18
1,536	15,30	10,18
1,537	15,32	10,18
1,535	15,34	10,18
1,533	15,36	10,18
1,531	15,38	10,18
1,529	15,41	10,18
1,529	15,44	10,18
1,524	15,46	10,18
1,524	15,48	10,18
1,522	15,51	10,18
1,520	15,54	10,18
1,516	15,57	10,18
1,516	15,59	10,18
1,513	15,61	10,18
1,512	15,62	10,18
1,510	15,62	10,18
1,510	15,63	10,18
1,509	15,64	10,18
1,508	15,65	10,18
1,506	15,66	10,18
1,504	15,70	10,18
1,501	15,73	10,18
1,499	15,75	10,18
1,496	15,77	10,18
1,494	15,80	10,18
1,495	15,82	10,18
1,491	15,83	10,18
1,491	15,86	10,18
1,488	15,89	10,18
1,485	15,93	10,18
1,484	15,95	10,18
1,481	15,98	10,18
1,480	16,00	10,18
1,477	16,00	10,18
1,477	16,02	10,18
1,476	16,04	10,18
1,476	16,05	10,18
1,475	16,06	10,18
1,473	16,07	10,18
1,472	16,09	10,18
1,471	16,11	10,18
1,467	16,13	10,18
1,466	16,14	10,18
1,463	16,18	10,18
1,462	16,20	10,18
1,462	16,22	10,18
1,459	16,23	10,18
1,459	16,25	10,18
1,456	16,27	10,18
1,456	16,29	10,18
1,453	16,32	10,18
1,454	16,35	10,18
1,449	16,37	10,18
1,450	16,40	10,18
1,447	16,42	10,18
1,446	16,45	10,18
1,445	16,47	10,18
1,444	16,49	10,18
1,440	16,51	10,18
1,439	16,53	10,18
1,438	16,55	10,18
1,436	16,56	10,18
1,434	16,58	10,18
1,434	16,59	10,18
1,432	16,62	10,18
1,429	16,64	10,18
1,429	16,67	10,18
1,427	16,69	10,18
1,424	16,73	10,18
1,423	16,74	10,18
1,423	16,74	10,18
1,419	16,76	10,18
1,420	16,79	10,18
1,419	16,81	10,18
1,416	16,84	10,18
1,414	16,88	10,18
1,413	16,90	10,18
1,411	16,92	10,18
1,413	16,93	10,18
1,408	16,96	10,18
1,408	16,97	10,18
1,406	16,99	10,18
1,407	17,00	10,18
1,406	17,02	10,18
1,406	17,03	10,18
1,404	17,03	10,18
1,402	17,04	10,18
1,403	17,05	10,18
1,400	17,06	10,18
1,398	17,08	10,18
1,396	17,10	10,18
1,395	17,13	10,18
1,392	17,15	10,18
1,391	17,17	10,18
1,388	17,20	10,18
1,386	17,21	10,18
1,387	17,23	10,18
1,385	17,26	10,18
1,383	17,28	10,18
1,382	17,31	10,18
1,382	17,34	10,18
1,381	17,37	10,18
1,376	17,40	10,18
1,377	17,42	10,18
1,374	17,44	10,18
1,373	17,46	10,18
1,371	17,48	10,18
1,369	17,50	10,18
1,369	17,51	10,18
1,368	17,52	10,18
1,365	17,53	10,18
1,364	17,56	10,18
1,363	17,58	10,18
1,361	17,60	10,18
1,361	17,61	10,18
1,361	17,64	10,18
1,358	17,65	10,18
1,357	17,68	10,18
1,355	17,69	10,18
1,355	17,72	10,18
1,351	17,75	10,18
1,352	17,79	10,18
1,349	17,82	10,18
1,349	17,85	10,18
1,347	17,87	10,18
1,344	17,89	10,18
1,343	17,92	10,18
1,341	17,94	10,18
1,340	17,98	10,18
1,338	18,00	10,18
1,337	18,03	10,18
1,336	18,06	10,18
1,335	18,08	10,18
1,334	18,09	10,18
1,333	18,15	10,18
1,331	18,18	10,18
1,330	18,22	10,18
1,329	18,25	10,18
1,328	18,27	10,18
1,325	18,30	10,18
1,324	18,34	10,18
1,322	18,37	10,18
1,320	18,37	10,18
1,317	18,38	10,18
1,318	18,39	10,18
1,316	18,39	10,18
1,317	18,39	10,18
1,314	18,40	10,18
1,312	18,41	10,18
1,312	18,41	10,18
1,311	18,41	10,18
1,310	18,41	10,18
1,309	18,42	10,18
1,307	18,43	10,18
1,307	18,45	10,18
1,306	18,43	10,18
1,305	18,49	10,18
1,303	18,55	10,18
1,300	18,60	10,18
1,298	18,60	10,18
1,297	18,63	10,18
1,295	18,66	10,18
1,295	18,69	10,18
1,293	18,72	10,18
1,293	18,76	10,18
1,291	18,78	10,18
1,290	18,80	10,18
1,289	18,84	10,18
1,287	18,84	10,18
1,285	18,85	10,18
1,283	18,87	10,18
1,283	18,89	10,18
1,282	18,89	10,18
1,280	18,89	10,18
1,281	18,91	10,18
1,279	18,89	10,18
1,278	18,92	10,18
1,276	18,95	10,18
1,275	18,92	10,18
1,274	18,94	10,18
1,274	18,97	10,18
1,272	19,03	10,18
1,271	19,03	10,18
1,271	19,05	10,18
1,271	19,06	10,18
1,267	19,12	10,18
1,268	19,11	10,18
1,264	19,16	10,18
1,263	19,22	10,18
1,263	19,22	10,18
1,261	19,23	10,18
1,260	19,24	10,18
1,258	19,25	10,18
1,259	19,30	10,18
1,255	19,29	10,18
1,256	19,31	10,18
1,253	19,32	10,18
1,253	19,33	10,18
1,252	19,38	10,18
1,252	19,39	10,18
1,250	19,41	10,18
1,249	19,43	10,18
1,246	19,46	10,18
1,245	19,45	10,18
1,246	19,44	10,18
1,242	19,48	10,18
1,243	19,51	10,18
1,241	19,55	10,18
1,240	19,59	10,18
1,239	19,58	10,18
1,239	19,62	10,18
1,238	19,66	10,18
1,235	19,69	10,18
1,236	19,70	10,18
1,233	19,75	10,18
1,232	19,72	10,18
1,231	19,76	10,18
1,231	19,78	10,18
1,230	19,80	10,18
1,228	19,83	10,18
1,226	19,86	10,18
1,225	19,87	10,18
1,224	19,91	10,18
1,223	19,89	10,18
1,222	19,89	10,18
1,220	19,93	10,18
1,221	19,95	10,18
1,219	19,95	10,18
1,217	19,98	10,18
1,216	20,02	10,18
1,217	20,04	10,18
1,217	20,05	10,18
1,213	20,05	10,18
1,215	20,08	10,18
1,211	20,10	10,18
1,210	20,13	10,18
1,208	20,18	10,18
1,209	20,19	10,18
1,204	20,20	10,18
1,205	20,20	10,18
1,205	20,22	10,18
1,205	20,24	10,18
1,202	20,30	10,18
1,201	20,29	10,18
1,201	20,32	10,18
1,199	20,33	10,18
1,198	20,37	10,18
1,196	20,36	10,19
1,195	20,34	10,18
1,193	20,39	10,18
1,193	20,44	10,18
1,192	20,49	10,18
1,190	20,50	10,19
1,189	20,52	10,18
1,188	20,56	10,19
1,188	20,55	10,18
1,186	20,61	10,19
1,186	20,62	10,19
1,183	20,66	10,18
1,183	20,68	10,19
1,183	20,68	10,19
1,180	20,69	10,19
1,181	20,75	10,19
1,177	20,79	10,19
1,175	20,81	10,19
1,176	20,83	10,19
1,175	20,84	10,19
1,173	20,86	10,19
1,173	20,89	10,19
1,172	20,87	10,19
1,169	20,95	10,19
1,170	20,97	10,19
1,169	20,93	10,19
1,168	20,93	10,19
1,167	20,98	10,19
1,165	21,01	10,19
1,165	20,96	10,19
1,164	21,05	10,19
1,164	21,03	10,19
1,162	21,07	10,19
1,158	21,11	10,19
1,159	21,14	10,19
1,158	21,16	10,19
1,159	21,20	10,19
1,156	21,24	10,19
1,156	21,19	10,19
1,153	21,21	10,19
1,153	21,31	10,19
1,152	21,33	10,19
1,150	21,33	10,19
1,150	21,33	10,19
1,148	21,39	10,19
1,149	21,41	10,19
1,149	21,40	10,19
1,147	21,37	10,19
1,146	21,42	10,19
1,145	21,45	10,19
1,143	21,51	10,19
1,143	21,54	10,19
1,141	21,58	10,19
1,141	21,56	10,19
1,139	21,56	10,19
1,138	21,59	10,19
1,139	21,62	10,19
1,137	21,64	10,19
1,134	21,61	10,19
1,136	21,66	10,19
1,135	21,70	10,19
1,132	21,74	10,19
1,131	21,75	10,19
1,132	21,78	10,19
1,130	21,82	10,19
1,128	21,80	10,19
1,126	21,83	10,19
1,127	21,85	10,19
1,126	21,90	10,19
1,125	21,90	10,19
1,126	21,93	10,19
1,124	21,94	10,19
1,121	21,97	10,19
1,121	21,99	10,19
1,119	22,02	10,19
1,119	22,05	10,19
1,117	22,06	10,19
1,117	22,09	10,19
1,116	22,11	10,19
1,115	22,12	10,19
1,113	22,15	10,19
1,112	22,19	10,19
1,112	22,21	10,19
1,109	22,25	10,19
1,107	22,25	10,19
1,107	22,31	10,19
1,106	22,34	10,19
1,106	22,36	10,19
1,106	22,37	10,19
1,103	22,38	10,19
1,103	22,39	10,19
1,103	22,42	10,19
1,101	22,47	10,19
1,099	22,50	10,19
1,101	22,50	10,19
1,097	22,51	10,19
1,099	22,55	10,19
1,097	22,58	10,19
1,096	22,58	10,19
1,095	22,61	10,19
1,095	22,61	10,19
1,091	22,57	10,19
1,092	22,63	10,19
1,089	22,67	10,19
1,089	22,67	10,19
1,089	22,67	10,19
1,086	22,65	10,19
1,085	22,65	10,19
1,084	22,65	10,19
1,083	22,65	10,19
1,082	22,65	10,19
1,081	22,65	10,19
1,079	22,65	10,19
1,077	22,65	10,19
1,078	22,65	10,19
1,076	22,65	10,19
1,075	22,65	10,19
1,074	22,65	10,19
1,073	22,65	10,19
1,075	22,65	10,19
1,076	22,65	10,19
1,074	22,65	10,19
1,075	22,65	10,19
1,074	22,65	10,19
1,075	22,65	10,19
1,075	22,65	10,19
1,074	22,65	10,19
1,075	22,65	10,19
1,074	22,65	10,19
1,073	22,65	10,19
1,073	22,65	10,19
1,074	22,65	10,19
1,073	22,65	10,19
1,074	22,65	10,19
1,075	22,65	10,19
1,076	22,65	10,19
1,075	22,65	10,19
1,075	22,65	10,19
1,074	22,65	10,19
1,074	22,65	10,19
1,073	22,65	10,19
1,076	22,65	10,19
1,074	22,65	10,19
1,074	22,65	10,19
1,074	22,65	10,19
1,073	22,65	10,19
1,074	22,65	10,19
1,074	22,65	10,19
1,074	22,65	10,19
1,075	22,65	10,19
1,074	22,65	10,19
1,074	22,65	10,19
1,074	22,65	10,19
1,075	22,65	10,19
