1,111	22,67	20,09
1,111	22,67	20,09
1,110	22,67	20,09
1,111	22,67	20,09
1,110	22,67	20,09
1,109	22,67	20,09
1,109	22,67	20,09
1,109	22,67	20,09
1,111	22,67	20,09
1,111	22,67	20,09
1,110	22,67	20,09
1,109	22,67	20,09
1,109	22,67	20,09
1,110	22,67	20,09
1,110	22,67	20,09
1,110	22,67	20,09
1,109	22,67	20,09
1,110	22,67	20,09
1,109	22,67	20,09
1,110	22,67	20,09
1,109	22,67	20,09
1,112	22,67	20,09
1,110	22,67	20,09
1,111	22,67	20,09
1,110	22,67	20,09
1,111	22,67	20,09
1,109	22,67	20,09
1,111	22,67	20,09
1,110	22,67	20,09
1,109	22,67	20,09
1,110	22,67	20,09
1,110	22,67	20,09
1,113	22,67	20,09
1,111	22,67	20,09
1,111	22,67	20,09
1,112	22,67	20,09
1,115	22,67	20,09
1,117	22,67	20,09
1,117	22,67	20,09
1,119	22,67	20,09
1,119	22,67	20,09
1,121	22,67	20,09
1,122	22,66	20,09
1,125	22,64	20,09
1,125	22,63	20,09
1,128	22,65	20,09
1,129	22,66	20,09
1,129	22,66	20,09
1,129	22,64	20,09
1,130	22,62	20,09
1,131	22,58	20,09
1,132	22,57	20,09
1,133	22,57	20,09
1,134	22,55	20,09
1,135	22,50	20,09
1,136	22,46	20,09
1,138	22,44	20,09
1,140	22,41	20,09
1,143	22,39	20,09
1,141	22,35	20,09
1,144	22,33	20,09
1,146	22,30	20,09
1,148	22,26	20,09
1,150	22,24	20,09
1,153	22,21	20,09
1,151	22,22	20,09
1,152	22,20	20,09
1,154	22,19	20,09
1,152	22,16	20,09
1,156	22,10	20,09
1,155	22,07	20,09
1,157	22,03	20,09
1,157	21,99	20,09
1,159	21,97	20,09
1,162	21,93	20,09
1,162	21,88	20,09
1,165	21,84	20,09
1,164	21,81	20,09
1,166	21,72	20,09
1,167	21,61	20,09
1,169	21,78	20,09
1,170	21,79	20,09
1,170	21,74	20,09
1,173	21,73	20,09
1,173	21,72	20,09
1,173	21,71	20,09
1,174	21,69	20,09
1,176	21,67	20,09
1,177	21,62	20,09
1,178	21,61	20,09
1,181	21,56	20,09
1,181	21,48	20,09
1,184	21,50	20,09
1,184	21,49	20,09
1,188	21,40	20,09
1,187	21,37	20,09
1,188	21,37	20,09
1,189	21,34	20,09
1,191	21,33	20,09
1,192	21,29	20,09
1,193	21,24	20,09
1,196	21,24	20,09
1,196	21,25	20,09
1,197	21,24	20,09
1,199	21,21	20,09
1,198	21,19	20,09
1,201	21,16	20,09
1,201	21,13	20,09
1,203	21,12	20,09
1,204	21,05	20,09
1,206	21,04	20,09
1,207	20,96	20,09
1,208	20,92	20,09
1,211	20,91	20,09
1,213	20,84	20,09
1,215	20,85	20,09
1,217	20,85	20,09
1,215	20,85	20,09
1,219	20,80	20,09
1,220	20,81	20,09
1,219	20,80	20,09
1,223	20,73	20,09
1,223	20,71	20,09
1,225	20,70	20,09
1,224	20,67	20,09
1,225	20,61	20,09
1,228	20,60	20,09
1,229	20,53	20,09
1,232	20,50	20,09
1,233	20,46	20,09
1,234	20,46	20,09
1,235	20,45	20,09
1,237	20,41	20,09
1,237	20,39	20,09
1,237	20,40	20,09
1,239	20,36	20,09
1,241	20,34	20,09
1,243	20,31	20,09
1,244	20,29	20,09
1,245	20,31	20,09
1,246	20,30	20,09
1,246	20,27	20,09
1,249	20,23	20,09
1,249	20,18	20,09
1,250	20,15	20,09
1,253	20,13	20,09
1,253	20,10	20,09
1,256	20,06	20,09
1,257	20,04	20,09
1,259	20,01	20,09
1,261	19,99	20,09
1,260	19,97	20,09
1,262	19,95	20,09
1,265	19,96	20,09
1,265	19,92	20,09
1,267	19,88	20,09
1,271	19,87	20,09
1,271	19,83	20,09
1,272	19,78	20,09
1,273	19,79	20,09
1,274	19,78	20,09
1,278	19,75	20,09
1,278	19,70	20,09
1,280	19,68	20,09
1,282	19,63	20,09
1,284	19,59	20,09
1,284	19,58	20,09
1,286	19,54	20,09
1,287	19,51	20,09
1,291	19,44	20,09
1,290	19,45	20,09
1,291	19,47	20,09
1,293	19,49	20,09
1,293	19,44	20,09
1,294	19,38	20,09
1,298	19,38	20,09
1,301	19,33	20,09
1,302	19,31	20,09
1,304	19,29	20,09
1,306	19,23	20,09
1,305	19,21	20,09
1,308	19,16	20,09
1,310	19,14	20,09
1,313	19,15	20,09
1,314	19,13	20,09
1,314	19,06	20,09
1,315	19,07	20,09
1,317	19,04	20,09
1,319	19,02	20,09
1,320	18,98	20,09
1,322	18,91	20,09
1,326	18,96	20,09
1,327	18,94	20,09
1,327	18,89	20,09
1,331	18,91	20,09
1,331	18,88	20,09
1,334	18,86	20,09
1,334	18,83	20,09
1,337	18,77	20,09
1,343	18,73	20,09
1,341	18,71	20,09
1,343	18,69	20,09
1,344	18,66	20,09
1,346	18,63	20,09
1,347	18,61	20,09
1,348	18,60	20,09
1,349	18,56	20,09
1,352	18,55	20,09
1,352	18,54	20,09
1,353	18,55	20,09
1,355	18,43	20,09
1,356	18,48	20,09
1,358	18,43	20,09
1,361	18,41	20,09
1,362	18,40	20,09
1,365	18,39	20,09
1,366	18,38	20,09
1,369	18,37	20,09
1,370	18,37	20,09
1,371	18,36	20,09
1,373	18,35	20,09
1,376	18,33	20,09
1,376	18,29	20,09
1,379	18,28	20,09
1,381	18,25	20,09
1,381	18,18	20,09
1,385	18,13	20,09
1,388	18,09	20,09
1,388	18,05	20,09
1,391	18,03	20,09
1,395	18,00	20,09
1,395	17,94	20,09
1,396	17,88	20,09
1,398	17,84	20,09
1,402	17,79	20,09
1,405	17,77	20,09
1,407	17,73	20,09
1,408	17,72	20,09
1,408	17,70	20,09
1,408	17,69	20,09
1,412	17,68	20,09
1,411	17,66	20,09
1,413	17,63	20,09
1,414	17,61	20,09
1,416	17,60	20,09
1,419	17,58	20,09
1,420	17,56	20,09
1,422	17,54	20,09
1,424	17,52	20,09
1,426	17,50	20,09
1,427	17,47	20,09
1,429	17,43	20,09
1,432	17,39	20,09
1,434	17,34	20,09
1,437	17,31	20,09
1,438	17,28	20,09
1,441	17,24	20,09
1,442	17,21	20,09
1,445	17,20	20,09
1,447	17,18	20,09
1,448	17,17	20,09
1,451	17,15	20,09
1,452	17,13	20,09
1,456	17,11	20,09
1,456	17,09	20,09
1,459	17,07	20,09
1,459	17,05	20,09
1,462	17,02	20,09
1,464	17,00	20,09
1,464	16,96	20,09
1,466	16,92	20,09
1,469	16,89	20,09
1,470	16,86	20,09
1,473	16,82	20,09
1,477	16,80	20,09
1,478	16,76	20,09
1,480	16,74	20,09
1,482	16,72	20,09
1,483	16,70	20,09
1,485	16,68	20,09
1,487	16,67	20,09
1,490	16,65	20,09
1,491	16,62	20,09
1,494	16,59	20,09
1,496	16,58	20,09
1,498	16,54	20,09
1,500	16,51	20,09
1,502	16,47	20,09
1,504	16,42	20,09
1,508	16,40	20,09
1,509	16,36	20,09
1,512	16,33	20,09
1,514	16,30	20,09
1,516	16,28	20,09
1,518	16,26	20,09
1,520	16,24	20,09
1,521	16,22	20,09
1,524	16,20	20,09
1,526	16,18	20,09
1,528	16,15	20,09
1,532	16,13	20,09
1,533	16,10	20,09
1,535	16,07	20,09
1,539	16,06	20,09
1,538	16,04	20,09
1,540	16,00	20,09
1,543	15,97	20,09
1,544	15,94	20,09
1,548	15,93	20,09
1,550	15,90	20,09
1,552	15,87	20,09
1,553	15,84	20,09
1,556	15,83	20,09
1,558	15,80	20,09
1,562	15,77	20,09
1,563	15,75	20,09
1,567	15,74	20,09
1,569	15,70	20,09
1,572	15,68	20,09
1,574	15,66	20,09
1,575	15,63	20,09
1,578	15,61	20,09
1,579	15,60	20,09
1,581	15,55	20,09
1,585	15,52	20,09
1,586	15,50	20,09
1,588	15,46	20,09
1,591	15,44	20,09
1,594	15,39	20,09
1,596	15,37	20,09
1,600	15,34	20,09
1,600	15,33	20,09
1,603	15,30	20,09
1,607	15,27	20,09
1,610	15,22	20,09
1,612	15,21	20,09
1,617	15,19	20,09
1,618	15,16	20,09
1,620	15,13	20,09
1,621	15,11	20,09
1,625	15,08	20,09
1,625	15,06	20,09
1,626	15,03	20,09
1,627	15,02	20,09
1,630	15,01	20,09
1,631	14,99	20,09
1,634	14,96	20,09
1,635	14,94	20,09
1,641	14,91	20,09
1,643	14,88	20,09
1,644	14,84	20,09
1,650	14,82	20,09
1,652	14,80	20,09
1,654	14,77	20,09
1,656	14,76	20,09
1,660	14,74	20,09
1,663	14,69	20,09
1,667	14,67	20,09
1,669	14,65	20,09
1,670	14,62	20,09
1,672	14,58	20,09
1,675	14,55	20,09
1,678	14,52	20,09
1,679	14,51	20,09
1,680	14,49	20,09
1,683	14,46	20,09
1,686	14,43	20,09
1,689	14,41	20,09
1,692	14,37	20,09
1,695	14,36	20,09
1,697	14,34	20,09
1,698	14,32	20,09
1,702	14,33	20,09
1,703	14,29	20,09
1,709	14,25	20,09
1,710	14,22	20,09
1,713	14,19	20,09
1,719	14,16	20,09
1,720	14,13	20,09
1,722	14,10	20,09
1,725	14,07	20,09
1,730	14,03	20,09
1,732	14,03	20,09
1,735	13,99	20,09
1,738	13,98	20,09
1,739	13,95	20,09
1,742	13,92	20,09
1,743	13,90	20,09
1,746	13,88	20,09
1,747	13,87	20,09
1,748	13,87	20,09
1,751	13,87	20,09
1,754	13,83	20,09
1,760	13,80	20,09
1,763	13,77	20,09
1,766	13,74	20,09
1,767	13,70	20,09
1,770	13,67	20,09
1,772	13,65	20,09
1,777	13,62	20,09
1,781	13,57	20,09
1,783	13,55	20,09
1,786	13,53	20,09
1,789	13,51	20,09
1,794	13,48	20,09
1,796	13,45	20,09
1,799	13,43	20,09
1,803	13,40	20,09
1,805	13,38	20,09
1,807	13,35	20,09
1,812	13,31	20,09
1,817	13,30	20,09
1,818	13,26	20,09
1,822	13,23	20,09
1,826	13,20	20,09
1,828	13,17	20,09
1,833	13,14	20,09
1,836	13,10	20,09
1,839	13,08	20,09
1,845	13,05	20,09
1,848	13,02	20,09
1,850	13,01	20,09
1,852	12,99	20,09
1,853	12,97	20,09
1,854	12,95	20,09
1,857	12,95	20,09
1,857	12,95	20,09
1,860	12,93	20,09
1,865	12,89	20,09
1,870	12,85	20,09
1,873	12,82	20,09
1,878	12,79	20,09
1,881	12,76	20,09
1,884	12,70	20,09
1,887	12,68	20,09
1,893	12,65	20,09
1,897	12,63	20,09
1,899	12,60	20,09
1,903	12,57	20,09
1,907	12,56	20,09
1,911	12,53	20,09
1,914	12,51	20,09
1,914	12,49	20,09
1,918	12,45	20,09
1,928	12,42	20,09
1,930	12,40	20,09
1,933	12,37	20,09
1,938	12,36	20,09
1,940	12,32	20,09
1,943	12,29	20,09
1,946	12,25	20,09
1,950	12,21	20,09
1,954	12,19	20,09
1,955	12,17	20,09
1,961	12,15	20,09
1,962	12,13	20,09
1,965	12,11	20,09
1,969	12,09	20,09
1,973	12,06	20,09
1,978	12,04	20,09
1,981	12,02	20,09
1,983	12,00	20,09
1,986	11,99	20,09
1,990	11,96	20,09
1,995	11,92	20,09
2,002	11,89	20,09
2,005	11,85	20,09
2,012	11,82	20,09
2,016	11,77	20,09
2,021	11,73	20,09
2,025	11,70	20,09
2,028	11,69	20,09
2,032	11,66	20,09
2,036	11,64	20,09
2,042	11,62	20,09
2,046	11,60	20,09
2,050	11,60	20,09
2,052	11,57	20,09
2,056	11,55	20,09
2,064	11,49	20,09
2,069	11,48	20,09
2,074	11,45	20,09
2,077	11,39	20,09
2,084	11,35	20,09
2,088	11,34	20,09
2,092	11,29	20,09
2,095	11,27	20,09
2,097	11,26	20,09
2,101	11,23	20,09
2,106	11,20	20,09
2,111	11,17	20,09
2,117	11,14	20,09
2,124	11,12	20,09
2,128	11,08	20,09
2,135	11,04	20,09
2,144	11,00	20,09
2,151	10,97	20,09
2,153	10,93	20,09
2,158	10,88	20,09
2,163	10,84	20,09
2,169	10,81	20,09
2,175	10,77	20,09
2,182	10,74	20,09
2,187	10,72	20,09
2,192	10,69	20,09
2,197	10,68	20,09
2,203	10,65	20,09
2,208	10,61	20,09
2,214	10,58	20,09
2,222	10,55	20,09
2,226	10,52	20,09
2,230	10,51	20,09
2,234	10,49	20,09
2,239	10,41	20,09
2,246	10,37	20,09
2,249	10,35	20,09
2,253	10,34	20,09
2,256	10,31	20,09
2,262	10,28	20,09
2,268	10,25	20,09
2,275	10,22	20,09
2,280	10,20	20,09
2,285	10,17	20,09
2,290	10,15	20,09
2,297	10,13	20,09
2,303	10,09	20,09
2,308	10,05	20,09
2,317	10,01	20,09
2,324	9,97	20,09
2,329	9,93	20,09
2,333	9,87	20,09
2,340	9,81	20,09
2,351	9,75	20,09
2,356	9,68	20,09
2,362	9,65	20,09
2,370	9,62	20,09
2,376	9,57	20,09
2,385	9,57	20,09
2,388	9,55	20,09
2,393	9,54	20,09
2,403	9,53	20,09
2,409	9,52	20,09
2,417	9,51	20,09
2,423	9,51	20,09
2,427	9,48	20,09
2,435	9,47	20,09
2,439	9,41	20,09
2,444	9,40	20,09
2,451	9,38	20,09
2,458	9,34	20,09
2,465	9,33	20,09
2,470	9,24	20,09
2,477	9,28	20,09
2,482	9,24	20,09
2,488	9,26	20,09
2,496	9,21	20,09
2,504	9,19	20,09
2,514	9,18	20,09
2,522	9,15	20,09
2,528	9,13	20,09
2,536	9,10	20,09
2,541	9,02	20,09
2,548	9,00	20,09
2,553	8,96	20,09
2,559	8,94	20,09
2,566	8,98	20,09
2,574	8,94	20,09
2,580	8,90	20,09
2,588	8,93	20,09
2,596	8,86	20,09
2,609	8,78	20,09
2,618	8,73	20,09
2,625	8,79	20,09
2,631	8,71	20,09
2,635	8,71	20,09
2,641	8,61	20,09
2,650	8,58	20,09
2,659	8,55	20,09
2,668	8,52	20,09
2,681	8,51	20,09
2,690	8,45	20,09
2,698	8,41	20,09
2,706	8,37	20,09
2,713	8,37	20,09
2,719	8,37	20,09
2,726	8,34	20,09
2,731	8,33	20,09
2,741	8,29	20,09
2,752	8,21	20,09
2,763	8,20	20,09
2,773	8,18	20,09
2,781	8,16	20,09
2,789	8,14	20,09
2,790	8,09	20,09
2,801	8,05	20,09
2,815	7,99	20,09
2,825	7,96	20,09
2,835	7,89	20,09
2,847	7,89	20,09
2,858	7,87	20,09
2,865	7,82	20,09
2,869	7,85	20,09
2,878	7,83	20,09
2,887	7,85	20,09
2,898	7,73	20,09
2,907	7,71	20,09
2,914	7,71	20,09
2,924	7,63	20,09
2,940	7,55	20,09
2,949	7,54	20,09
2,961	7,51	20,09
2,972	7,49	20,09
2,983	7,44	20,09
2,995	7,43	20,09
3,004	7,46	20,09
3,013	7,39	20,09
3,025	7,33	20,09
3,031	7,34	20,09
3,044	7,33	20,09
3,053	7,28	20,09
3,066	7,25	20,09
3,079	7,22	20,09
3,090	7,16	20,09
3,099	7,12	20,09
3,108	7,11	20,09
3,118	7,08	20,09
3,129	7,04	20,09
3,138	6,98	20,09
3,147	7,01	20,09
3,155	6,98	20,09
3,164	6,89	20,09
3,177	6,89	20,09
3,185	6,87	20,09
3,194	6,81	20,09
3,207	6,86	20,09
3,219	6,77	20,09
3,230	6,70	20,09
3,242	6,65	20,09
3,255	6,61	20,09
3,266	6,58	20,09
3,276	6,60	20,09
3,290	6,54	20,09
3,305	6,55	20,09
3,322	6,45	20,09
3,332	6,44	20,09
3,338	6,41	20,09
3,338	6,40	20,09
3,335	6,41	20,09
3,335	6,40	20,09
3,337	6,38	20,09
3,354	6,36	20,09
3,374	6,34	20,09
3,389	6,32	20,09
3,402	6,24	20,09
3,417	6,18	20,09
3,430	6,16	20,09
3,438	6,11	20,09
3,443	6,12	20,09
3,454	6,10	20,09
3,472	6,08	20,09
3,491	6,02	20,09
3,506	6,00	20,09
3,521	5,98	20,09
3,531	5,91	20,09
3,536	5,90	20,09
3,544	5,88	20,09
3,554	5,88	20,09
3,567	5,88	20,09
3,581	5,86	20,09
3,593	5,86	20,09
3,603	5,82	20,09
3,614	5,81	20,09
3,624	5,76	20,09
3,636	5,73	20,09
3,643	5,72	20,09
3,649	5,71	20,09
3,663	5,65	20,09
3,683	5,62	20,09
3,697	5,55	20,09
3,718	5,53	20,09
3,737	5,44	20,09
3,750	5,40	20,09
3,766	5,36	20,09
3,776	5,35	20,09
3,778	5,33	20,09
3,776	5,33	20,09
3,778	5,35	20,09
3,802	5,35	20,09
3,825	5,38	20,09
3,848	5,28	20,09
3,869	5,27	20,09
3,890	5,24	20,09
3,903	5,23	20,09
3,920	5,21	20,09
3,940	5,23	20,09
3,963	5,23	20,09
3,982	5,21	20,09
3,998	5,22	20,09
4,015	5,22	20,09
4,033	5,22	20,09
4,045	5,19	20,09
4,058	5,22	20,09
4,075	5,19	20,09
4,096	5,19	20,09
4,114	5,21	20,09
4,133	5,21	20,09
4,154	5,21	20,09
4,172	5,18	20,09
4,178	5,21	20,09
4,177	5,19	20,09
4,173	5,19	20,09
4,170	5,20	20,09
4,174	5,20	20,09
4,195	5,16	20,09
4,219	5,19	20,09
4,250	5,20	20,09
4,280	5,17	20,09
4,301	5,19	20,09
4,304	5,18	20,09
4,303	5,19	20,09
4,304	5,19	20,09
4,303	5,18	20,09
4,303	5,18	20,09
4,303	5,19	20,09
4,304	5,19	20,09
4,304	5,17	20,09
4,303	5,21	20,09
4,303	5,20	20,09
4,303	5,20	20,09
4,304	5,19	20,09
4,303	5,19	20,09
4,303	5,19	20,09
4,303	5,20	20,09
4,304	5,18	20,09
4,306	5,19	20,09
4,304	5,19	20,09
4,303	5,21	20,09
4,303	5,19	20,09
4,303	5,21	20,09
4,304	5,19	20,09
4,303	5,17	20,09
4,303	5,18	20,09
4,299	5,19	20,09
4,278	5,19	20,09
4,257	5,20	20,09
4,236	5,17	20,09
4,214	5,21	20,09
4,200	5,19	20,09
4,187	5,19	20,09
4,176	5,20	20,09
4,161	5,18	20,09
4,145	5,20	20,09
4,132	5,20	20,09
4,120	5,21	20,09
4,113	5,21	20,09
4,101	5,18	20,09
4,087	5,20	20,09
4,071	5,21	20,09
4,055	5,21	20,09
4,036	5,19	20,09
4,011	5,21	20,09
3,985	5,20	20,09
3,963	5,21	20,09
3,942	5,24	20,09
3,923	5,23	20,09
3,903	5,21	20,09
3,885	5,23	20,09
3,874	5,21	20,09
3,868	5,23	20,09
3,862	5,23	20,09
3,844	5,22	20,09
3,827	5,22	20,09
3,810	5,22	20,09
3,793	5,22	20,09
3,778	5,22	20,09
3,761	5,26	20,09
3,742	5,34	20,09
3,725	5,35	20,09
3,708	5,37	20,09
3,688	5,50	20,09
3,674	5,46	20,09
3,659	5,43	20,09
3,648	5,55	20,09
3,636	5,59	20,09
3,626	5,55	20,09
3,617	5,61	20,09
3,609	5,59	20,09
3,602	5,69	20,09
3,594	5,73	20,09
3,579	5,74	20,09
3,567	5,75	20,09
3,556	5,75	20,09
3,548	5,77	20,09
3,535	5,77	20,09
3,520	5,81	20,09
3,506	5,84	20,09
3,490	5,86	20,09
3,481	5,86	20,09
3,472	5,88	20,09
3,462	5,92	20,09
3,452	5,97	20,09
3,441	6,01	20,09
3,426	6,02	20,09
3,417	6,07	20,09
3,410	6,08	20,09
3,400	6,12	20,09
3,382	6,12	20,09
3,373	6,11	20,09
3,361	6,12	20,09
3,350	6,15	20,09
3,334	6,22	20,09
3,319	6,28	20,09
3,301	6,33	20,09
3,287	6,36	20,09
3,276	6,37	20,09
3,268	6,39	20,09
3,261	6,39	20,09
3,255	6,43	20,09
3,239	6,47	20,09
3,229	6,54	20,09
3,220	6,61	20,09
3,213	6,61	20,09
3,201	6,58	20,09
3,191	6,65	20,09
3,181	6,64	20,09
3,172	6,73	20,09
3,162	6,71	20,09
3,152	6,74	20,09
3,144	6,77	20,09
3,133	6,81	20,09
3,119	6,85	20,09
3,105	6,89	20,09
3,094	6,95	20,09
3,085	6,97	20,09
3,077	6,96	20,09
3,068	7,05	20,09
3,059	7,11	20,09
3,053	7,16	20,09
3,045	7,21	20,09
3,034	7,25	20,09
3,028	7,19	20,09
3,015	7,29	20,09
3,006	7,29	20,09
2,997	7,26	20,09
2,988	7,30	20,09
2,974	7,37	20,09
2,957	7,38	20,09
2,943	7,41	20,09
2,937	7,43	20,09
2,929	7,46	20,09
2,923	7,45	20,09
2,917	7,48	20,09
2,913	7,54	20,09
2,906	7,53	20,09
2,897	7,55	20,09
2,893	7,53	20,09
2,891	7,53	20,09
2,892	7,55	20,09
2,886	7,62	20,09
2,874	7,62	20,09
2,863	7,75	20,09
2,850	7,82	20,09
2,837	7,75	20,09
2,828	7,84	20,09
2,813	7,83	20,09
2,802	7,88	20,09
2,792	7,97	20,09
2,784	7,91	20,09
2,776	7,91	20,09
2,769	7,97	20,09
2,760	8,04	20,09
2,754	8,04	20,09
2,748	8,05	20,09
2,739	8,08	20,09
2,729	8,10	20,09
2,719	8,09	20,09
2,711	8,19	20,09
2,705	8,22	20,09
2,697	8,20	20,09
2,686	8,28	20,09
2,676	8,27	20,09
2,667	8,30	20,09
2,661	8,29	20,09
2,657	8,34	20,09
2,648	8,38	20,09
2,641	8,45	20,09
2,634	8,45	20,09
2,628	8,51	20,09
2,615	8,53	20,09
2,607	8,56	20,09
2,598	8,60	20,09
2,592	8,65	20,09
2,586	8,63	20,09
2,581	8,68	20,09
2,570	8,76	20,09
2,560	8,76	20,09
2,554	8,76	20,09
2,548	8,89	20,09
2,540	8,86	20,09
2,534	8,91	20,09
2,527	8,94	20,09
2,518	9,01	20,09
2,510	9,02	20,09
2,502	9,07	20,09
2,497	9,05	20,09
2,493	9,03	20,09
2,485	9,04	20,09
2,479	9,08	20,09
2,471	9,15	20,09
2,466	9,16	20,09
2,458	9,17	20,09
2,449	9,20	20,09
2,442	9,21	20,09
2,435	9,26	20,09
2,430	9,29	20,09
2,424	9,33	20,09
2,417	9,34	20,09
2,411	9,37	20,09
2,405	9,40	20,09
2,399	9,42	20,09
2,392	9,43	20,09
2,388	9,45	20,09
2,382	9,43	20,09
2,378	9,49	20,09
2,373	9,49	20,09
2,369	9,51	20,09
2,358	9,53	20,09
2,350	9,53	20,09
2,342	9,56	20,09
2,335	9,57	20,09
2,330	9,60	20,09
2,321	9,66	20,09
2,314	9,68	20,09
2,308	9,73	20,09
2,303	9,76	20,09
2,301	9,78	20,09
2,295	9,82	20,09
2,290	9,85	20,09
2,286	9,89	20,09
2,281	9,95	20,09
2,274	10,00	20,09
2,266	10,03	20,09
2,259	10,07	20,09
2,252	10,11	20,09
2,246	10,15	20,09
2,241	10,17	20,09
2,238	10,20	20,09
2,233	10,24	20,09
2,230	10,27	20,09
2,222	10,30	20,09
2,218	10,33	20,09
2,213	10,36	20,09
2,207	10,37	20,09
2,203	10,39	20,09
2,198	10,42	20,09
2,192	10,46	20,09
2,185	10,50	20,09
2,178	10,54	20,09
2,173	10,58	20,09
2,166	10,62	20,09
2,161	10,65	20,09
2,153	10,69	20,09
2,152	10,70	20,09
2,149	10,72	20,09
2,145	10,76	20,09
2,138	10,79	20,09
2,135	10,82	20,09
2,129	10,84	20,09
2,121	10,87	20,09
2,119	10,90	20,09
2,112	10,92	20,09
2,108	10,97	20,09
2,101	11,01	20,09
2,093	11,06	20,09
2,087	11,11	20,09
2,083	11,14	20,09
2,079	11,17	20,09
2,076	11,20	20,09
2,071	11,24	20,09
2,066	11,26	20,09
2,062	11,28	20,09
2,057	11,30	20,09
2,054	11,33	20,09
2,049	11,36	20,09
2,044	11,37	20,09
2,040	11,40	20,09
2,038	11,43	20,09
2,032	11,46	20,09
2,026	11,49	20,09
2,020	11,54	20,09
2,013	11,58	20,09
2,009	11,60	20,09
2,006	11,63	20,09
2,001	11,67	20,09
1,996	11,69	20,09
1,994	11,70	20,09
1,991	11,72	20,09
1,990	11,73	20,09
1,985	11,75	20,09
1,982	11,79	20,09
1,975	11,82	20,09
1,969	11,85	20,09
1,963	11,88	20,09
1,959	11,92	20,09
1,954	11,95	20,09
1,949	12,00	20,09
1,944	12,03	20,09
1,939	12,06	20,09
1,937	12,09	20,09
1,933	12,13	20,09
1,927	12,16	20,09
1,925	12,20	20,09
1,922	12,21	20,09
1,918	12,23	20,09
1,914	12,26	20,09
1,909	12,30	20,09
1,905	12,32	20,09
1,903	12,34	20,09
1,899	12,37	20,09
1,894	12,40	20,09
1,889	12,43	20,09
1,886	12,46	20,09
1,883	12,50	20,09
1,881	12,53	20,09
1,875	12,56	20,09
1,872	12,59	20,09
1,868	12,64	20,09
1,865	12,66	20,09
1,861	12,69	20,09
1,859	12,71	20,09
1,855	12,74	20,09
1,850	12,77	20,09
1,847	12,79	20,09
1,842	12,82	20,09
1,836	12,87	20,09
1,832	12,90	20,09
1,830	12,96	20,09
1,825	12,99	20,09
1,821	13,03	20,09
1,816	13,06	20,09
1,812	13,11	20,09
1,806	13,15	20,09
1,801	13,18	20,09
1,799	13,20	20,09
1,798	13,23	20,09
1,793	13,24	20,09
1,792	13,27	20,09
1,788	13,30	20,09
1,784	13,34	20,09
1,778	13,37	20,09
1,774	13,40	20,09
1,772	13,43	20,09
1,770	13,46	20,09
1,769	13,48	20,09
1,765	13,52	20,09
1,763	13,54	20,09
1,759	13,56	20,09
1,755	13,61	20,09
1,752	13,63	20,09
1,750	13,65	20,09
1,749	13,66	20,09
1,746	13,69	20,09
1,744	13,70	20,09
1,742	13,71	20,09
1,739	13,74	20,09
1,737	13,75	20,09
1,732	13,78	20,09
1,727	13,81	20,09
1,724	13,86	20,09
1,722	13,87	20,09
1,720	13,90	20,09
1,719	13,94	20,09
1,716	13,97	20,09
1,710	14,02	20,09
1,707	14,04	20,09
1,706	14,06	20,09
1,703	14,09	20,09
1,703	14,11	20,09
1,700	14,12	20,09
1,695	14,15	20,09
1,694	14,17	20,09
1,692	14,19	20,09
1,690	14,20	20,09
1,685	14,22	20,09
1,682	14,25	20,09
1,679	14,29	20,09
1,676	14,32	20,09
1,676	14,33	20,09
1,672	14,36	20,09
1,672	14,37	20,09
1,672	14,39	20,09
1,668	14,42	20,09
1,665	14,45	20,09
1,662	14,51	20,09
1,660	14,53	20,09
1,658	14,55	20,09
1,655	14,58	20,09
1,652	14,59	20,09
1,651	14,61	20,09
1,648	14,63	20,09
1,646	14,65	20,09
1,645	14,67	20,09
1,644	14,67	20,09
1,641	14,69	20,09
1,637	14,72	20,09
1,634	14,77	20,09
1,630	14,80	20,09
1,627	14,82	20,09
1,627	14,84	20,09
1,625	14,87	20,09
1,622	14,90	20,09
1,618	14,94	20,09
1,617	14,97	20,09
1,614	15,01	20,09
1,611	15,03	20,09
1,611	15,05	20,09
1,609	15,07	20,09
1,607	15,09	20,09
1,605	15,10	20,09
1,602	15,10	20,09
1,601	15,11	20,09
1,600	15,12	20,09
1,597	15,15	20,09
1,595	15,18	20,09
1,590	15,23	20,09
1,586	15,29	20,09
1,584	15,32	20,09
1,581	15,35	20,09
1,581	15,35	20,09
1,579	15,38	20,09
1,579	15,42	20,09
1,574	15,48	20,09
1,572	15,51	20,09
1,569	15,53	20,09
1,568	15,55	20,09
1,565	15,57	20,09
1,563	15,58	20,09
1,562	15,61	20,09
1,558	15,62	20,09
1,557	15,63	20,09
1,554	15,66	20,09
1,550	15,71	20,09
1,547	15,74	20,09
1,544	15,77	20,09
1,542	15,79	20,09
1,540	15,82	20,09
1,538	15,83	20,09
1,539	15,86	20,09
1,537	15,90	20,09
1,534	15,93	20,09
1,532	15,95	20,09
1,531	15,98	20,09
1,528	15,99	20,09
1,526	16,01	20,09
1,525	16,03	20,09
1,522	16,04	20,09
1,522	16,06	20,09
1,519	16,07	20,09
1,517	16,09	20,09
1,514	16,12	20,09
1,511	16,15	20,09
1,509	16,19	20,09
1,505	16,23	20,09
1,502	16,27	20,09
1,500	16,28	20,09
1,498	16,31	20,09
1,498	16,36	20,09
1,494	16,40	20,09
1,493	16,44	20,09
1,490	16,46	20,09
1,489	16,48	20,09
1,488	16,49	20,09
1,486	16,50	20,09
1,484	16,51	20,09
1,486	16,53	20,09
1,484	16,54	20,09
1,485	16,55	20,09
1,481	16,57	20,09
1,477	16,59	20,09
1,476	16,63	20,09
1,472	16,65	20,09
1,471	16,67	20,09
1,470	16,70	20,09
1,468	16,74	20,09
1,465	16,76	20,09
1,462	16,80	20,09
1,461	16,85	20,09
1,457	16,90	20,09
1,456	16,93	20,09
1,453	16,95	20,09
1,452	16,97	20,09
1,450	16,99	20,09
1,448	17,01	20,09
1,447	17,02	20,09
1,446	17,05	20,09
1,444	17,06	20,09
1,442	17,09	20,09
1,440	17,10	20,09
1,438	17,12	20,09
1,436	17,13	20,09
1,435	17,16	20,09
1,433	17,19	20,09
1,432	17,22	20,09
1,431	17,24	20,09
1,426	17,28	20,09
1,424	17,32	20,09
1,422	17,34	20,09
1,421	17,38	20,09
1,420	17,41	20,09
1,418	17,43	20,09
1,418	17,44	20,09
1,416	17,45	20,09
1,415	17,46	20,09
1,414	17,46	20,09
1,413	17,47	20,09
1,412	17,49	20,09
1,412	17,51	20,09
1,408	17,54	20,09
1,405	17,58	20,09
1,403	17,61	20,09
1,401	17,64	20,09
1,399	17,69	20,09
1,396	17,74	20,09
1,395	17,77	20,09
1,392	17,80	20,09
1,390	17,83	20,09
1,389	17,85	20,09
1,389	17,87	20,09
1,386	17,89	20,09
1,385	17,90	20,09
1,383	17,90	20,09
1,384	17,92	20,09
1,384	17,93	20,09
1,381	17,97	20,09
1,380	18,00	20,09
1,378	18,08	20,09
1,374	18,17	20,09
1,371	18,25	20,09
1,367	18,29	20,09
1,366	18,33	20,09
1,364	18,35	20,09
1,363	18,36	20,09
1,361	18,37	20,09
1,362	18,37	20,09
1,361	18,37	20,09
1,359	18,38	20,09
1,357	18,38	20,09
1,355	18,38	20,09
1,353	18,39	20,09
1,353	18,40	20,09
1,350	18,41	20,09
1,347	18,43	20,09
1,345	18,43	20,09
1,342	18,49	20,09
1,340	18,55	20,09
1,340	18,59	20,09
1,338	18,60	20,09
1,335	18,70	20,09
1,334	18,73	20,09
1,334	18,76	20,09
1,329	18,79	20,09
1,328	18,82	20,09
1,327	18,82	20,09
1,327	18,85	20,09
1,325	18,86	20,09
1,324	18,86	20,09
1,321	18,88	20,09
1,318	18,89	20,09
1,316	18,95	20,09
1,315	18,98	20,09
1,312	19,01	20,09
1,310	19,03	20,09
1,312	19,05	20,09
1,307	19,11	20,09
1,305	19,11	20,09
1,304	19,16	20,09
1,301	19,21	20,09
1,300	19,21	20,09
1,299	19,22	20,09
1,299	19,21	20,09
1,297	19,24	20,09
1,294	19,26	20,09
1,292	19,30	20,09
1,289	19,35	20,09
1,288	19,39	20,09
1,284	19,44	20,09
1,284	19,48	20,09
1,282	19,50	20,09
1,280	19,55	20,09
1,277	19,58	20,09
1,275	19,64	20,09
1,274	19,70	20,09
1,274	19,69	20,09
1,273	19,75	20,09
1,270	19,75	20,09
1,270	19,78	20,09
1,265	19,80	20,09
1,265	19,82	20,09
1,262	19,85	20,09
1,260	19,88	20,09
1,259	19,89	20,09
1,258	19,91	20,09
1,258	19,95	20,09
1,254	19,99	20,09
1,253	20,03	20,09
1,252	20,06	20,09
1,251	20,08	20,09
1,249	20,12	20,09
1,249	20,13	20,09
1,247	20,14	20,09
1,245	20,16	20,09
1,246	20,19	20,09
1,244	20,20	20,09
1,244	20,22	20,09
1,240	20,24	20,09
1,240	20,29	20,09
1,237	20,31	20,09
1,235	20,35	20,09
1,233	20,35	20,09
1,232	20,37	20,09
1,229	20,46	20,09
1,228	20,48	20,09
1,226	20,52	20,09
1,223	20,59	20,09
1,224	20,63	20,09
1,222	20,66	20,09
1,222	20,67	20,09
1,221	20,67	20,09
1,221	20,68	20,09
1,219	20,68	20,09
1,219	20,69	20,09
1,217	20,73	20,09
1,214	20,73	20,09
1,213	20,79	20,09
1,211	20,82	20,09
1,212	20,86	20,09
1,208	20,86	20,09
1,207	20,89	20,09
1,205	20,91	20,09
1,203	20,97	20,09
1,202	21,03	20,09
1,200	21,05	20,09
1,199	21,06	20,09
1,199	21,03	20,09
1,198	21,06	20,09
1,196	21,10	20,09
1,194	21,14	20,09
1,194	21,18	20,09
1,192	21,06	20,09
1,191	21,01	20,09
1,190	21,13	20,09
1,188	21,24	20,09
1,188	21,34	20,09
1,185	21,37	20,09
1,184	21,40	20,09
1,183	21,40	20,09
1,181	21,46	20,09
1,179	21,51	20,09
1,177	21,52	20,09
1,176	21,50	20,09
1,176	21,55	20,09
1,172	21,62	20,09
1,170	21,64	20,09
1,170	21,71	20,09
1,167	21,74	20,09
1,166	21,75	20,09
1,166	21,80	20,09
1,164	21,79	20,09
1,161	21,84	20,09
1,160	21,89	20,09
1,161	21,90	20,09
1,159	21,95	20,09
1,157	21,98	20,09
1,154	22,00	20,09
1,153	22,06	20,09
1,154	22,07	20,09
1,151	22,10	20,09
1,151	22,12	20,09
1,150	22,17	20,09
1,146	22,20	20,09
1,144	22,21	20,09
1,144	22,23	20,09
1,142	22,25	20,09
1,143	22,30	20,09
1,140	22,33	20,09
1,142	22,37	20,09
1,139	22,38	20,09
1,138	22,41	20,09
1,138	22,45	20,09
1,134	22,47	20,09
1,134	22,53	20,09
1,133	22,51	20,09
1,131	22,56	20,09
1,130	22,55	20,09
1,129	22,60	20,09
1,130	22,60	20,09
1,129	22,62	20,09
1,130	22,63	20,09
1,126	22,59	20,09
1,127	22,63	20,09
1,125	22,66	20,09
1,123	22,67	20,09
1,122	22,67	20,09
1,121	22,67	20,09
1,122	22,65	20,09
1,120	22,65	20,09
1,118	22,65	20,09
1,115	22,65	20,09
1,113	22,65	20,09
1,112	22,65	20,09
1,111	22,65	20,09
1,109	22,65	20,09
1,108	22,65	20,09
1,107	22,65	20,09
1,108	22,65	20,09
1,107	22,65	20,09
1,108	22,65	20,09
1,107	22,65	20,09
1,109	22,65	20,09
1,108	22,65	20,09
1,110	22,65	20,09
1,109	22,65	20,09
1,109	22,65	20,09
1,110	22,65	20,09
1,109	22,65	20,09
1,109	22,65	20,09
1,110	22,65	20,09
1,110	22,65	20,09
1,110	22,65	20,09
1,109	22,65	20,09
1,109	22,65	20,09
