1,146	22,65	30,07
1,146	22,65	30,07
1,148	22,65	30,07
1,147	22,65	30,07
1,147	22,65	30,07
1,147	22,65	30,07
1,146	22,65	30,07
1,147	22,65	30,07
1,145	22,65	30,07
1,147	22,65	30,07
1,149	22,65	30,07
1,146	22,65	30,07
1,146	22,65	30,07
1,147	22,65	30,07
1,146	22,65	30,07
1,147	22,65	30,07
1,148	22,65	30,07
1,147	22,65	30,07
1,147	22,65	30,07
1,149	22,65	30,07
1,145	22,65	30,07
1,146	22,65	30,07
1,146	22,65	30,07
1,147	22,65	30,07
1,147	22,65	30,07
1,147	22,65	30,06
1,145	22,65	30,06
1,147	22,65	30,06
1,146	22,65	30,06
1,148	22,65	30,06
1,148	22,65	30,06
1,147	22,65	30,06
1,147	22,65	30,06
1,147	22,65	30,06
1,147	22,65	30,06
1,147	22,65	30,06
1,148	22,65	30,06
1,146	22,65	30,06
1,149	22,65	30,06
1,150	22,65	30,06
1,150	22,65	30,06
1,151	22,65	30,06
1,153	22,65	30,06
1,153	22,65	30,06
1,153	22,65	30,06
1,154	22,65	30,06
1,153	22,65	30,06
1,155	22,65	30,06
1,157	22,66	30,06
1,156	22,66	30,06
1,157	22,67	30,06
1,160	22,67	30,06
1,160	22,65	30,06
1,161	22,63	30,06
1,161	22,65	30,06
1,161	22,65	30,06
1,164	22,66	30,06
1,164	22,64	30,06
1,164	22,63	30,06
1,165	22,63	30,06
1,166	22,62	30,06
1,168	22,63	30,06
1,167	22,60	30,06
1,166	22,58	30,06
1,167	22,58	30,06
1,167	22,59	30,06
1,170	22,58	30,06
1,170	22,52	30,06
1,173	22,51	30,06
1,172	22,48	30,06
1,173	22,47	30,06
1,174	22,45	30,06
1,175	22,46	30,06
1,177	22,45	30,06
1,176	22,41	30,06
1,180	22,41	30,06
1,178	22,37	30,06
1,179	22,34	30,06
1,179	22,34	30,06
1,182	22,32	30,06
1,182	22,32	30,06
1,181	22,33	30,06
1,182	22,31	30,06
1,183	22,30	30,06
1,184	22,27	30,06
1,185	22,25	30,06
1,185	22,25	30,06
1,187	22,23	30,06
1,187	22,22	30,06
1,186	22,24	30,06
1,188	22,24	30,06
1,188	22,19	30,06
1,190	22,20	30,06
1,191	22,18	30,06
1,191	22,15	30,06
1,191	22,11	30,06
1,194	22,04	30,06
1,193	22,00	30,06
1,197	21,98	30,06
1,197	21,94	30,06
1,199	21,95	30,06
1,198	21,91	30,06
1,198	21,89	30,06
1,198	21,85	30,06
1,199	21,82	30,06
1,201	21,83	30,06
1,202	21,76	30,06
1,203	21,62	30,06
1,203	21,64	30,06
1,207	21,79	30,06
1,205	21,79	30,06
1,207	21,78	30,06
1,206	21,76	30,06
1,208	21,73	30,06
1,210	21,74	30,06
1,209	21,71	30,06
1,211	21,71	30,06
1,211	21,72	30,06
1,212	21,73	30,06
1,212	21,72	30,06
1,211	21,72	30,06
1,213	21,69	30,06
1,214	21,68	30,06
1,213	21,63	30,06
1,216	21,61	30,06
1,217	21,59	30,06
1,217	21,57	30,06
1,220	21,51	30,06
1,219	21,54	30,06
1,222	21,52	30,06
1,220	21,49	30,06
1,222	21,46	30,06
1,226	21,39	30,06
1,225	21,39	30,06
1,226	21,39	30,06
1,227	21,34	30,06
1,230	21,32	30,06
1,230	21,35	30,06
1,232	21,31	30,06
1,232	21,25	30,06
1,231	21,25	30,06
1,233	21,25	30,06
1,233	21,26	30,06
1,235	21,24	30,06
1,237	21,24	30,06
1,235	21,21	30,06
1,237	21,20	30,06
1,238	21,17	30,06
1,239	21,16	30,06
1,241	21,12	30,06
1,242	21,10	30,06
1,246	21,03	30,06
1,245	21,05	30,06
1,245	20,98	30,06
1,248	20,94	30,06
1,250	20,91	30,06
1,249	20,91	30,06
1,250	20,89	30,05
1,253	20,82	30,06
1,253	20,80	30,05
1,254	20,84	30,05
1,255	20,84	30,05
1,256	20,80	30,05
1,259	20,82	30,05
1,260	20,80	30,05
1,260	20,78	30,05
1,261	20,73	30,05
1,260	20,74	30,05
1,262	20,71	30,05
1,264	20,70	30,05
1,264	20,67	30,05
1,265	20,64	30,05
1,267	20,60	30,05
1,266	20,55	30,05
1,269	20,50	30,05
1,271	20,49	30,05
1,271	20,48	30,05
1,272	20,46	30,05
1,275	20,42	30,05
1,276	20,39	30,05
1,276	20,38	30,05
1,279	20,41	30,05
1,277	20,37	30,05
1,280	20,35	30,05
1,280	20,32	30,05
1,281	20,29	30,05
1,282	20,30	30,05
1,285	20,30	30,05
1,286	20,29	30,05
1,285	20,28	30,05
1,289	20,25	30,05
1,289	20,24	30,05
1,289	20,21	30,05
1,288	20,17	30,05
1,291	20,15	30,05
1,292	20,12	30,05
1,294	20,10	30,05
1,295	20,08	30,05
1,298	20,06	30,05
1,297	20,04	30,05
1,300	20,01	30,05
1,300	20,00	30,05
1,301	19,98	30,05
1,301	19,98	30,05
1,301	19,95	30,05
1,304	19,97	30,05
1,304	19,92	30,05
1,307	19,89	30,05
1,309	19,88	30,05
1,312	19,84	30,05
1,311	19,82	30,05
1,313	19,80	30,05
1,315	19,79	30,05
1,317	19,79	30,05
1,317	19,77	30,05
1,318	19,73	30,05
1,319	19,70	30,05
1,320	19,67	30,05
1,323	19,62	30,05
1,324	19,60	30,05
1,326	19,56	30,05
1,326	19,53	30,05
1,328	19,50	30,05
1,328	19,45	30,05
1,331	19,46	30,05
1,333	19,49	30,05
1,332	19,43	30,05
1,335	19,40	30,05
1,336	19,38	30,05
1,339	19,38	30,05
1,340	19,34	30,05
1,341	19,31	30,05
1,343	19,31	30,05
1,345	19,31	30,05
1,345	19,26	30,05
1,347	19,21	30,05
1,349	19,20	30,05
1,351	19,18	30,05
1,351	19,14	30,05
1,354	19,14	30,05
1,354	19,11	30,05
1,358	19,05	30,05
1,359	19,06	30,05
1,361	19,03	30,05
1,362	19,03	30,05
1,364	18,98	30,05
1,364	18,92	30,05
1,366	18,95	30,05
1,368	18,92	30,05
1,369	18,89	30,05
1,372	18,91	30,05
1,374	18,89	30,05
1,376	18,88	30,05
1,376	18,84	30,05
1,377	18,84	30,05
1,378	18,82	30,05
1,380	18,79	30,05
1,380	18,78	30,05
1,382	18,76	30,05
1,382	18,72	30,05
1,385	18,67	30,05
1,389	18,63	30,05
1,389	18,60	30,05
1,389	18,59	30,05
1,391	18,55	30,05
1,395	18,53	30,05
1,398	18,43	30,05
1,399	18,47	30,05
1,402	18,43	30,05
1,403	18,42	30,05
1,405	18,41	30,05
1,410	18,39	30,05
1,410	18,38	30,05
1,411	18,37	30,05
1,414	18,37	30,05
1,415	18,36	30,05
1,415	18,34	30,05
1,420	18,32	30,05
1,423	18,29	30,05
1,423	18,27	30,05
1,424	18,26	30,05
1,424	18,24	30,05
1,427	18,19	30,05
1,430	18,15	30,05
1,430	18,10	30,05
1,432	18,06	30,05
1,434	18,05	30,05
1,434	18,02	30,05
1,436	17,98	30,05
1,437	17,94	30,05
1,437	17,90	30,05
1,442	17,86	30,05
1,443	17,82	30,05
1,444	17,79	30,05
1,446	17,77	30,05
1,448	17,74	30,05
1,452	17,72	30,05
1,451	17,69	30,05
1,454	17,67	30,05
1,456	17,65	30,05
1,458	17,63	30,05
1,462	17,60	30,05
1,463	17,58	30,05
1,464	17,55	30,05
1,466	17,54	30,05
1,468	17,52	30,05
1,469	17,50	30,05
1,470	17,49	30,05
1,469	17,47	30,05
1,471	17,45	30,05
1,473	17,42	30,05
1,475	17,39	30,05
1,477	17,36	30,05
1,478	17,33	30,05
1,481	17,30	30,05
1,483	17,28	30,05
1,484	17,24	30,05
1,486	17,22	30,05
1,488	17,21	30,05
1,490	17,19	30,05
1,492	17,18	30,05
1,494	17,15	30,05
1,496	17,14	30,05
1,496	17,12	30,05
1,500	17,10	30,05
1,502	17,07	30,05
1,502	17,05	30,05
1,504	17,03	30,05
1,507	17,00	30,05
1,511	16,95	30,05
1,513	16,89	30,05
1,514	16,87	30,05
1,517	16,84	30,05
1,520	16,82	30,05
1,521	16,81	30,05
1,521	16,79	30,05
1,523	16,78	30,05
1,521	16,76	30,05
1,525	16,75	30,05
1,526	16,74	30,05
1,528	16,74	30,05
1,527	16,72	30,05
1,530	16,70	30,05
1,532	16,68	30,05
1,535	16,66	30,05
1,538	16,62	30,05
1,541	16,58	30,05
1,544	16,56	30,05
1,546	16,50	30,05
1,547	16,46	30,05
1,549	16,45	30,05
1,550	16,44	30,05
1,551	16,43	30,05
1,551	16,42	30,05
1,551	16,41	30,05
1,550	16,41	30,05
1,551	16,42	30,05
1,552	16,41	30,05
1,551	16,40	30,05
1,555	16,36	30,05
1,557	16,32	30,05
1,561	16,29	30,05
1,564	16,26	30,05
1,565	16,24	30,05
1,567	16,21	30,05
1,572	16,17	30,05
1,574	16,15	30,05
1,577	16,13	30,05
1,580	16,11	30,05
1,582	16,09	30,05
1,584	16,07	30,05
1,583	16,07	30,05
1,583	16,05	30,05
1,585	16,02	30,05
1,588	16,00	30,05
1,591	15,95	30,05
1,593	15,91	30,05
1,598	15,88	30,05
1,599	15,85	30,05
1,601	15,83	30,05
1,604	15,80	30,05
1,607	15,79	30,05
1,609	15,79	30,05
1,606	15,77	30,05
1,606	15,77	30,05
1,609	15,77	30,05
1,607	15,76	30,05
1,609	15,77	30,05
1,610	15,76	30,05
1,609	15,77	30,05
1,611	15,75	30,05
1,612	15,74	30,05
1,615	15,70	30,05
1,620	15,67	30,05
1,623	15,65	30,05
1,624	15,63	30,05
1,625	15,61	30,05
1,627	15,56	30,05
1,631	15,53	30,05
1,634	15,49	30,05
1,634	15,47	30,05
1,635	15,45	30,05
1,637	15,42	30,05
1,642	15,39	30,05
1,646	15,36	30,05
1,646	15,34	30,05
1,648	15,32	30,05
1,652	15,30	30,05
1,653	15,28	30,05
1,655	15,28	30,05
1,654	15,27	30,05
1,655	15,26	30,05
1,657	15,23	30,05
1,661	15,21	30,05
1,663	15,19	30,05
1,666	15,16	30,05
1,668	15,13	30,05
1,669	15,10	30,05
1,672	15,09	30,05
1,672	15,06	30,05
1,676	15,04	30,05
1,679	15,02	30,05
1,678	14,99	30,05
1,680	14,98	30,05
1,681	14,96	30,05
1,684	14,95	30,05
1,686	14,92	30,05
1,688	14,90	30,05
1,688	14,88	30,05
1,692	14,85	30,05
1,692	14,84	30,05
1,697	14,82	30,05
1,698	14,81	30,04
1,698	14,81	30,05
1,701	14,81	30,05
1,701	14,81	30,05
1,703	14,79	30,05
1,706	14,77	30,04
1,710	14,74	30,04
1,711	14,70	30,04
1,716	14,67	30,04
1,717	14,66	30,04
1,719	14,62	30,04
1,720	14,59	30,04
1,722	14,58	30,04
1,722	14,55	30,04
1,724	14,54	30,04
1,727	14,52	30,04
1,729	14,49	30,04
1,733	14,45	30,04
1,734	14,44	30,04
1,738	14,42	30,04
1,739	14,40	30,04
1,741	14,37	30,04
1,743	14,36	30,04
1,745	14,34	30,04
1,746	14,33	30,04
1,752	14,30	30,04
1,755	14,28	30,04
1,756	14,27	30,04
1,757	14,23	30,04
1,760	14,22	30,04
1,762	14,20	30,04
1,764	14,18	30,04
1,768	14,15	30,04
1,770	14,12	30,04
1,774	14,09	30,04
1,778	14,05	30,04
1,780	14,04	30,04
1,782	14,01	30,04
1,785	13,99	30,04
1,789	13,96	30,04
1,791	13,92	30,04
1,796	13,88	30,04
1,798	13,87	30,04
1,799	13,86	30,04
1,801	13,85	30,04
1,806	13,84	30,04
1,807	13,80	30,04
1,813	13,79	30,04
1,816	13,75	30,04
1,818	13,72	30,04
1,822	13,69	30,04
1,826	13,65	30,04
1,827	13,64	30,04
1,830	13,61	30,04
1,833	13,56	30,04
1,839	13,54	30,04
1,841	13,51	30,04
1,847	13,46	30,04
1,850	13,44	30,04
1,854	13,41	30,04
1,856	13,40	30,04
1,858	13,37	30,04
1,859	13,36	30,04
1,864	13,33	30,04
1,867	13,31	30,04
1,873	13,26	30,04
1,876	13,22	30,04
1,881	13,20	30,04
1,883	13,17	30,04
1,885	13,13	30,04
1,889	13,13	30,04
1,892	13,10	30,04
1,894	13,07	30,04
1,898	13,04	30,04
1,903	13,00	30,04
1,910	12,95	30,04
1,914	12,92	30,04
1,918	12,88	30,04
1,924	12,87	30,04
1,925	12,86	30,04
1,925	12,83	30,04
1,928	12,81	30,04
1,930	12,80	30,04
1,936	12,76	30,04
1,939	12,71	30,04
1,945	12,68	30,04
1,947	12,66	30,04
1,949	12,65	30,04
1,954	12,60	30,04
1,958	12,57	30,04
1,960	12,55	30,04
1,967	12,52	30,04
1,969	12,48	30,04
1,977	12,45	30,04
1,981	12,42	30,04
1,983	12,40	30,04
1,988	12,38	30,04
1,991	12,36	30,04
1,995	12,32	30,04
2,000	12,28	30,04
2,004	12,25	30,04
2,006	12,22	30,04
2,009	12,20	30,04
2,013	12,18	30,04
2,017	12,14	30,04
2,022	12,10	30,04
2,029	12,07	30,04
2,034	12,05	30,04
2,037	12,02	30,04
2,039	11,99	30,04
2,044	11,97	30,04
2,046	11,96	30,04
2,047	11,96	30,04
2,049	11,95	30,04
2,054	11,91	30,04
2,060	11,88	30,04
2,065	11,82	30,04
2,072	11,78	30,04
2,078	11,74	30,04
2,083	11,71	30,04
2,084	11,69	30,04
2,087	11,68	30,04
2,095	11,64	30,04
2,101	11,60	30,04
2,107	11,56	30,04
2,115	11,53	30,04
2,124	11,48	30,04
2,129	11,46	30,04
2,133	11,43	30,04
2,137	11,40	30,04
2,141	11,38	30,04
2,146	11,33	30,04
2,153	11,28	30,04
2,158	11,26	30,04
2,159	11,26	30,04
2,165	11,20	30,04
2,170	11,18	30,04
2,175	11,15	30,04
2,177	11,14	30,04
2,182	11,12	30,04
2,189	11,09	30,04
2,191	11,05	30,04
2,197	11,03	30,04
2,200	11,02	30,04
2,204	10,99	30,04
2,207	10,96	30,04
2,210	10,93	30,04
2,216	10,90	30,04
2,221	10,86	30,04
2,225	10,83	30,04
2,229	10,80	30,04
2,236	10,77	30,04
2,240	10,74	30,04
2,245	10,72	30,04
2,250	10,69	30,04
2,251	10,68	30,04
2,258	10,66	30,04
2,259	10,63	30,04
2,265	10,60	30,03
2,270	10,59	30,03
2,276	10,56	30,04
2,282	10,53	30,03
2,286	10,52	30,03
2,290	10,51	30,03
2,297	10,47	30,03
2,300	10,43	30,03
2,305	10,40	30,03
2,311	10,36	30,03
2,312	10,35	30,03
2,314	10,35	30,03
2,312	10,34	30,03
2,312	10,34	30,03
2,318	10,30	30,03
2,325	10,28	30,03
2,327	10,26	30,03
2,334	10,23	30,03
2,340	10,19	30,03
2,348	10,15	30,03
2,354	10,14	30,03
2,360	10,11	30,03
2,367	10,07	30,03
2,373	10,04	30,03
2,379	10,01	30,03
2,384	9,99	30,03
2,391	9,93	30,03
2,396	9,87	30,03
2,404	9,82	30,03
2,408	9,77	30,03
2,411	9,77	30,03
2,414	9,74	30,03
2,419	9,67	30,03
2,427	9,64	30,03
2,433	9,60	30,03
2,441	9,57	30,03
2,449	9,55	30,03
2,456	9,54	30,03
2,462	9,53	30,03
2,463	9,54	30,03
2,464	9,52	30,03
2,471	9,52	30,03
2,478	9,51	30,03
2,484	9,51	30,03
2,488	9,49	30,03
2,491	9,49	30,03
2,495	9,48	30,03
2,500	9,48	30,03
2,507	9,41	30,03
2,516	9,36	30,03
2,521	9,32	30,03
2,530	9,32	30,03
2,536	9,24	30,03
2,542	9,26	30,03
2,549	9,23	30,03
2,557	9,21	30,03
2,565	9,19	30,03
2,573	9,16	30,03
2,577	9,16	30,03
2,582	9,15	30,03
2,589	9,16	30,03
2,596	9,10	30,03
2,604	9,07	30,03
2,613	9,01	30,03
2,623	8,99	30,03
2,630	8,97	30,03
2,636	8,98	30,03
2,643	8,93	30,03
2,651	8,88	30,03
2,658	8,87	30,03
2,667	8,84	30,03
2,671	8,78	30,03
2,677	8,81	30,03
2,683	8,74	30,03
2,684	8,73	30,03
2,683	8,74	30,03
2,691	8,74	30,03
2,700	8,68	30,03
2,713	8,60	30,03
2,722	8,58	30,03
2,732	8,52	30,03
2,740	8,53	30,03
2,742	8,51	30,03
2,749	8,52	30,03
2,762	8,44	30,03
2,773	8,39	30,03
2,786	8,35	30,03
2,800	8,31	30,03
2,815	8,26	30,03
2,823	8,23	30,03
2,831	8,23	30,03
2,834	8,19	30,03
2,842	8,20	30,03
2,849	8,18	30,03
2,856	8,09	30,03
2,862	8,06	30,03
2,874	8,02	30,03
2,879	8,00	30,03
2,889	7,99	30,03
2,898	7,94	30,03
2,905	7,90	30,03
2,910	7,87	30,03
2,919	7,90	30,03
2,927	7,87	30,03
2,937	7,84	30,03
2,945	7,84	30,03
2,952	7,82	30,03
2,962	7,82	30,03
2,968	7,73	30,03
2,976	7,69	30,03
2,986	7,68	30,03
2,994	7,62	30,03
3,002	7,59	30,03
3,011	7,55	30,03
3,019	7,55	30,03
3,031	7,52	30,03
3,043	7,51	30,03
3,052	7,46	30,03
3,062	7,44	30,03
3,070	7,40	30,03
3,080	7,42	30,03
3,092	7,32	30,03
3,102	7,33	30,03
3,113	7,30	30,03
3,124	7,32	30,03
3,134	7,26	30,03
3,143	7,24	30,03
3,153	7,22	30,02
3,162	7,18	30,02
3,165	7,10	30,02
3,164	7,08	30,02
3,161	7,12	30,02
3,162	7,12	30,02
3,172	7,16	30,02
3,185	7,09	30,02
3,197	7,05	30,02
3,211	6,98	30,02
3,222	6,97	30,02
3,233	6,90	30,02
3,246	6,93	30,02
3,258	6,86	30,02
3,269	6,84	30,02
3,280	6,84	30,02
3,296	6,79	30,02
3,314	6,67	30,02
3,332	6,64	30,02
3,340	6,58	30,02
3,340	6,58	30,02
3,339	6,56	30,02
3,338	6,57	30,02
3,336	6,53	30,02
3,333	6,55	30,02
3,331	6,55	30,02
3,331	6,54	30,02
3,330	6,56	30,02
3,340	6,56	30,02
3,355	6,54	30,02
3,369	6,50	30,02
3,389	6,43	30,02
3,411	6,37	30,02
3,435	6,36	30,02
3,450	6,36	30,02
3,462	6,29	30,02
3,471	6,29	30,02
3,481	6,24	30,02
3,495	6,23	30,02
3,507	6,14	30,02
3,521	6,12	30,02
3,542	6,08	30,02
3,553	6,08	30,02
3,570	6,02	30,02
3,586	6,00	30,02
3,602	5,93	30,02
3,620	5,90	30,02
3,635	5,90	30,02
3,643	5,87	30,02
3,655	5,87	30,02
3,668	5,84	30,02
3,678	5,84	30,02
3,690	5,83	30,02
3,705	5,76	30,02
3,717	5,75	30,02
3,725	5,73	30,02
3,725	5,70	30,02
3,724	5,71	30,02
3,735	5,69	30,02
3,747	5,65	30,02
3,763	5,56	30,02
3,784	5,48	30,02
3,802	5,53	30,02
3,822	5,46	30,02
3,840	5,41	30,02
3,864	5,32	30,02
3,883	5,35	30,02
3,898	5,38	30,02
3,909	5,35	30,02
3,923	5,37	30,02
3,935	5,27	30,02
3,953	5,24	30,02
3,964	5,23	30,02
3,979	5,21	30,02
4,001	5,22	30,02
4,007	5,23	30,02
4,025	5,23	30,02
4,045	5,21	30,02
4,062	5,22	30,02
4,078	5,23	30,02
4,096	5,21	30,02
4,109	5,22	30,02
4,130	5,20	30,02
4,148	5,21	30,02
4,161	5,21	30,02
4,176	5,20	30,02
4,187	5,19	30,02
4,204	5,19	30,02
4,218	5,20	30,02
4,234	5,22	30,02
4,254	5,18	30,02
4,271	5,21	30,02
4,274	5,19	30,02
4,284	5,18	30,02
4,302	5,21	30,02
4,304	5,18	30,02
4,303	5,20	30,02
4,304	5,19	30,02
4,305	5,20	30,02
4,303	5,20	30,02
4,302	5,19	30,02
4,304	5,18	30,02
4,303	5,21	30,02
4,304	5,20	30,02
4,303	5,19	30,02
4,303	5,19	30,02
4,303	5,20	30,02
4,303	5,19	30,02
4,303	5,21	30,02
4,303	5,16	30,02
4,304	5,18	30,02
4,303	5,18	30,02
4,304	5,22	30,02
4,303	5,20	30,02
4,305	5,20	30,02
4,303	5,19	30,02
4,303	5,18	30,02
4,303	5,18	30,02
4,302	5,20	30,02
4,302	5,21	30,02
4,303	5,19	30,02
4,304	5,20	30,02
4,305	5,19	30,01
4,304	5,21	30,01
4,304	5,19	30,01
4,303	5,17	30,01
4,303	5,21	30,01
4,303	5,19	30,01
4,304	5,21	30,01
4,304	5,20	30,01
4,303	5,21	30,01
4,304	5,20	30,01
4,302	5,19	30,01
4,305	5,19	30,01
4,302	5,22	30,01
4,304	5,21	30,01
4,303	5,18	30,01
4,302	5,19	30,01
4,304	5,18	30,01
4,302	5,18	30,01
4,303	5,19	30,01
4,303	5,19	30,01
4,303	5,20	30,01
4,302	5,18	30,01
4,303	5,16	30,01
4,304	5,18	30,01
4,302	5,20	30,01
4,304	5,18	30,01
4,303	5,20	30,01
4,304	5,17	30,01
4,305	5,17	30,01
4,303	5,20	30,01
4,303	5,21	30,01
4,303	5,18	30,01
4,304	5,19	30,01
4,303	5,19	30,01
4,303	5,19	30,01
4,302	5,20	30,01
4,302	5,19	30,01
4,304	5,17	30,01
4,303	5,24	30,01
4,305	5,18	30,01
4,303	5,18	30,01
4,305	5,19	30,01
4,302	5,19	30,01
4,303	5,19	30,01
4,303	5,18	30,01
4,303	5,21	30,01
4,304	5,19	30,01
4,305	5,19	30,01
4,304	5,19	30,01
4,303	5,17	30,01
4,305	5,22	30,01
4,303	5,19	30,01
4,295	5,19	30,01
4,277	5,19	30,01
4,264	5,21	30,01
4,256	5,20	30,01
4,244	5,19	30,01
4,225	5,18	30,01
4,203	5,16	30,01
4,202	5,18	30,01
4,204	5,21	30,01
4,207	5,21	30,01
4,200	5,19	30,01
4,168	5,18	30,01
4,137	5,18	30,01
4,110	5,20	30,01
4,093	5,20	30,01
4,075	5,19	30,01
4,069	5,20	30,01
4,056	5,18	30,01
4,041	5,22	30,01
4,026	5,20	30,01
4,012	5,21	30,01
3,999	5,22	30,01
3,987	5,24	30,01
3,977	5,23	30,01
3,966	5,25	30,01
3,949	5,25	30,01
3,928	5,23	30,01
3,911	5,20	30,01
3,898	5,23	30,01
3,882	5,22	30,01
3,864	5,22	30,01
3,849	5,22	30,01
3,835	5,23	30,01
3,821	5,27	30,01
3,808	5,33	30,01
3,796	5,36	30,01
3,783	5,36	30,01
3,770	5,34	30,01
3,757	5,39	30,01
3,750	5,40	30,01
3,738	5,49	30,01
3,725	5,48	30,01
3,707	5,53	30,01
3,692	5,57	30,01
3,676	5,63	30,01
3,661	5,66	30,01
3,651	5,67	30,01
3,638	5,73	30,01
3,626	5,72	30,01
3,614	5,79	30,01
3,601	5,78	30,01
3,591	5,77	30,01
3,583	5,80	30,01
3,576	5,82	30,01
3,566	5,83	30,01
3,554	5,85	30,01
3,544	5,88	30,01
3,530	5,92	30,01
3,520	5,98	30,01
3,509	6,02	30,01
3,493	6,05	30,01
3,477	6,08	30,01
3,459	6,09	30,01
3,441	6,11	30,01
3,428	6,13	30,01
3,416	6,13	30,01
3,407	6,15	30,01
3,402	6,13	30,01
3,399	6,15	30,01
3,393	6,23	30,01
3,388	6,25	30,01
3,383	6,25	30,01
3,384	6,24	30,01
3,386	6,23	30,01
3,385	6,28	30,00
3,378	6,36	30,00
3,363	6,37	30,00
3,347	6,41	30,00
3,331	6,45	30,00
3,316	6,49	30,00
3,303	6,51	30,00
3,291	6,58	30,00
3,282	6,58	30,00
3,266	6,56	30,00
3,254	6,63	30,00
3,247	6,62	30,00
3,237	6,64	30,00
3,230	6,72	30,00
3,225	6,75	30,00
3,217	6,72	30,00
3,209	6,77	30,00
3,200	6,78	30,00
3,195	6,81	30,00
3,185	6,85	30,00
3,177	6,91	30,00
3,168	6,93	30,00
3,161	7,01	30,00
3,152	7,00	30,00
3,143	7,01	30,00
3,136	7,03	30,00
3,124	7,09	30,00
3,116	7,14	30,00
3,109	7,14	30,00
3,104	7,23	30,00
3,095	7,23	30,00
3,085	7,21	30,00
3,074	7,36	30,00
3,063	7,28	30,00
3,054	7,32	30,00
3,047	7,33	30,00
3,035	7,36	30,00
3,025	7,38	30,00
3,012	7,42	30,00
3,004	7,45	30,00
2,996	7,49	30,00
2,990	7,51	30,00
2,981	7,50	30,00
2,974	7,49	30,00
2,971	7,49	30,00
2,967	7,55	30,00
2,955	7,60	30,00
2,945	7,59	30,00
2,934	7,59	30,00
2,926	7,60	30,00
2,917	7,68	30,00
2,914	7,79	30,00
2,906	7,77	30,00
2,899	7,75	30,00
2,893	7,72	30,00
2,888	7,82	30,00
2,882	7,83	30,00
2,877	7,86	30,00
2,869	7,86	30,00
2,864	7,92	30,00
2,856	7,93	30,00
2,848	7,90	30,00
2,842	7,92	30,00
2,836	7,94	30,00
2,831	7,97	30,00
2,828	7,97	30,00
2,822	8,02	30,00
2,812	8,03	30,00
2,801	8,11	30,00
2,792	8,14	30,00
2,784	8,08	30,00
2,779	8,11	30,00
2,776	8,09	30,00
2,777	8,19	30,00
2,768	8,19	30,00
2,761	8,22	30,00
2,757	8,22	30,00
2,750	8,26	30,00
2,745	8,27	30,00
2,740	8,27	30,00
2,736	8,31	30,00
2,731	8,27	30,00
2,724	8,37	30,00
2,718	8,33	30,00
2,713	8,40	30,00
2,705	8,43	30,00
2,699	8,51	30,00
2,687	8,46	30,00
2,675	8,49	30,00
2,669	8,58	30,00
2,661	8,62	30,00
2,655	8,62	30,00
2,651	8,66	30,00
2,649	8,62	30,00
2,646	8,62	30,00
2,640	8,73	30,00
2,632	8,79	30,00
2,627	8,82	30,00
2,622	8,80	30,00
2,616	8,81	30,00
2,610	8,89	30,00
2,606	8,92	30,00
2,599	8,95	30,00
2,592	8,98	30,00
2,586	8,98	30,00
2,581	8,96	30,00
2,577	8,97	30,00
2,567	9,01	30,00
2,560	9,04	30,00
2,553	9,05	30,00
2,546	9,07	30,00
2,543	9,08	30,00
2,538	9,12	30,00
2,534	9,15	30,00
2,529	9,16	30,00
2,522	9,17	30,00
2,516	9,16	30,00
2,514	9,20	30,00
2,506	9,20	30,00
2,500	9,26	30,00
2,496	9,30	30,00
2,490	9,30	30,00
2,486	9,33	30,00
2,480	9,33	30,00
2,475	9,34	30,00
2,471	9,37	30,00
2,464	9,37	30,00
2,456	9,41	30,00
2,454	9,43	30,00
2,448	9,47	30,00
2,446	9,45	30,00
2,440	9,48	30,00
2,437	9,48	30,00
2,434	9,49	30,00
2,430	9,49	30,00
2,424	9,51	30,00
2,417	9,53	30,00
2,412	9,54	30,00
2,407	9,54	30,00
2,401	9,56	30,00
2,396	9,58	30,00
2,389	9,61	29,99
2,381	9,66	30,00
2,377	9,69	29,99
2,371	9,72	29,99
2,363	9,77	29,99
2,359	9,82	29,99
2,354	9,85	29,99
2,349	9,87	29,99
2,346	9,90	29,99
2,339	9,95	29,99
2,337	9,96	29,99
2,335	9,98	29,99
2,331	10,01	29,99
2,326	10,03	29,99
2,322	10,05	29,99
2,315	10,09	29,99
2,312	10,12	29,99
2,306	10,15	29,99
2,303	10,17	29,99
2,300	10,20	29,99
2,296	10,23	29,99
2,292	10,25	29,99
2,289	10,28	29,99
2,285	10,29	29,99
2,280	10,31	29,99
2,277	10,33	29,99
2,271	10,36	29,99
2,268	10,38	29,99
2,264	10,38	29,99
2,260	10,40	29,99
2,260	10,41	29,99
2,256	10,45	29,99
2,251	10,47	29,99
2,245	10,49	29,99
2,244	10,53	29,99
2,237	10,53	29,99
2,232	10,55	29,99
2,231	10,58	29,99
2,226	10,61	29,99
2,221	10,63	29,99
2,217	10,68	29,99
2,214	10,70	29,99
2,209	10,73	29,99
2,206	10,76	29,99
2,201	10,77	29,99
2,195	10,79	29,99
2,193	10,82	29,99
2,187	10,83	29,99
2,184	10,85	29,99
2,181	10,88	29,99
2,176	10,89	29,99
2,171	10,92	29,99
2,168	10,95	29,99
2,164	10,98	29,99
2,157	10,99	29,99
2,153	11,03	29,99
2,150	11,07	29,99
2,146	11,11	29,99
2,143	11,12	29,99
2,138	11,14	29,99
2,136	11,17	29,99
2,135	11,20	29,99
2,129	11,22	29,99
2,123	11,25	29,99
2,118	11,27	29,99
2,114	11,31	29,99
2,107	11,35	29,99
2,103	11,37	29,99
2,099	11,38	29,99
2,095	11,41	29,99
2,088	11,44	29,99
2,086	11,47	29,99
2,081	11,47	29,99
2,078	11,50	29,99
2,075	11,54	29,99
2,071	11,56	29,99
2,067	11,60	29,99
2,065	11,61	29,99
2,061	11,65	29,99
2,055	11,67	29,99
2,055	11,70	29,99
2,050	11,72	29,99
2,046	11,75	29,99
2,038	11,78	29,99
2,036	11,79	29,99
2,032	11,82	29,99
2,027	11,82	29,99
2,024	11,85	29,99
2,018	11,87	29,99
2,015	11,91	29,99
2,011	11,94	29,99
2,007	11,97	29,99
2,002	12,04	29,99
2,000	12,04	29,99
1,996	12,07	29,99
1,993	12,11	29,99
1,990	12,15	29,99
1,984	12,18	29,99
1,981	12,20	29,99
1,976	12,22	29,99
1,972	12,26	29,99
1,970	12,25	29,99
1,967	12,29	29,99
1,963	12,32	29,99
1,958	12,35	29,99
1,954	12,38	29,99
1,951	12,41	29,99
1,945	12,41	29,99
1,944	12,43	29,99
1,942	12,46	29,99
1,940	12,51	29,99
1,936	12,53	29,99
1,933	12,55	29,99
1,928	12,60	29,99
1,923	12,64	29,99
1,918	12,66	29,99
1,915	12,69	29,99
1,914	12,71	29,99
1,909	12,75	29,99
1,905	12,78	29,99
1,903	12,78	29,99
1,899	12,81	29,99
1,894	12,83	29,99
1,889	12,88	29,99
1,885	12,91	29,99
1,882	12,94	29,99
1,880	12,97	29,99
1,876	13,01	29,99
1,875	13,03	29,99
1,869	13,04	29,99
1,866	13,09	29,99
1,863	13,11	29,99
1,859	13,15	29,99
1,858	13,16	29,99
1,853	13,22	29,99
1,850	13,23	29,99
1,846	13,24	29,99
1,842	13,27	29,99
1,837	13,33	29,99
1,834	13,34	29,99
1,830	13,37	29,99
1,828	13,40	29,99
1,824	13,40	29,99
1,824	13,45	29,99
1,820	13,47	29,99
1,818	13,52	29,99
1,813	13,56	29,99
1,809	13,59	29,99
1,804	13,63	29,99
1,803	13,66	29,99
1,799	13,67	29,99
1,795	13,70	29,99
1,792	13,73	29,99
1,790	13,73	29,99
1,786	13,75	29,99
1,784	13,78	29,99
1,780	13,78	29,99
1,777	13,85	29,99
1,774	13,86	29,99
1,773	13,88	29,99
1,770	13,90	29,99
1,768	13,94	29,99
1,767	14,01	29,99
1,761	14,03	29,99
1,756	14,06	29,99
1,753	14,10	29,99
1,750	14,10	29,99
1,748	14,13	29,99
1,745	14,15	29,99
1,743	14,17	29,99
1,741	14,18	29,99
1,738	14,21	29,99
1,734	14,23	29,99
1,731	14,27	29,99
1,727	14,32	29,99
1,723	14,32	29,99
1,721	14,38	29,99
1,718	14,41	29,99
1,718	14,43	29,99
1,715	14,45	29,99
1,713	14,50	29,99
1,710	14,52	29,99
1,705	14,57	29,99
1,701	14,60	29,99
1,697	14,64	29,99
1,695	14,66	29,99
1,692	14,67	29,99
1,689	14,69	29,99
1,686	14,72	29,99
1,685	14,72	29,99
1,682	14,78	29,99
1,680	14,80	29,99
1,677	14,82	29,99
1,675	14,86	29,99
1,671	14,89	29,99
1,668	14,94	29,99
1,664	14,98	29,99
1,662	15,02	29,99
1,659	15,04	29,99
1,656	15,09	29,99
1,654	15,09	29,99
1,649	15,10	29,99
1,648	15,13	29,99
1,644	15,14	29,99
1,643	15,18	29,99
1,642	15,19	29,99
1,637	15,22	29,99
1,635	15,28	29,99
1,631	15,29	29,99
1,629	15,35	29,99
1,625	15,38	29,99
1,622	15,44	29,99
1,619	15,50	29,99
1,615	15,53	29,99
1,612	15,57	29,99
1,609	15,60	29,99
1,606	15,62	29,99
1,603	15,64	29,99
1,602	15,65	29,99
1,599	15,68	29,99
1,595	15,71	29,99
1,594	15,74	29,99
1,591	15,75	29,99
1,589	15,80	29,99
1,584	15,83	29,99
1,583	15,87	29,99
1,580	15,92	29,99
1,575	15,96	29,99
1,574	16,00	29,99
1,570	16,02	29,99
1,567	16,04	29,99
1,565	16,08	29,99
1,560	16,11	29,99
1,558	16,13	29,99
1,556	16,15	29,99
1,553	16,18	29,99
1,552	16,21	29,99
1,547	16,25	29,99
1,545	16,29	29,99
1,542	16,36	29,99
1,539	16,40	29,98
1,536	16,46	29,99
1,533	16,49	29,98
1,531	16,52	29,98
1,526	16,55	29,98
1,524	16,57	29,98
1,523	16,58	29,98
1,520	16,60	29,98
1,518	16,63	29,98
1,518	16,66	29,98
1,514	16,67	29,98
1,512	16,72	29,98
1,511	16,74	29,98
1,508	16,79	29,98
1,506	16,82	29,98
1,503	16,88	29,98
1,500	16,92	29,98
1,499	16,94	29,98
1,496	16,96	29,98
1,494	16,99	29,98
1,494	17,01	29,98
1,492	17,02	29,98
1,490	17,03	29,98
1,487	17,05	29,98
1,484	17,08	29,98
1,482	17,12	29,98
1,481	17,15	29,98
1,479	17,19	29,98
1,475	17,21	29,98
1,473	17,24	29,98
1,470	17,30	29,98
1,468	17,34	29,98
1,465	17,38	29,98
1,462	17,42	29,98
1,459	17,45	29,98
1,459	17,46	29,98
1,458	17,47	29,98
1,456	17,49	29,98
1,455	17,50	29,98
1,455	17,52	29,98
1,452	17,54	29,98
1,449	17,57	29,98
1,446	17,60	29,98
1,444	17,66	29,98
1,440	17,71	29,98
1,435	17,77	29,98
1,434	17,81	29,98
1,433	17,85	29,98
1,428	17,88	29,98
1,427	17,91	29,98
1,425	17,92	29,98
1,425	17,94	29,98
1,423	17,98	29,98
1,422	18,01	29,98
1,421	18,03	29,98
1,417	18,06	29,98
1,418	18,12	29,98
1,414	18,18	29,98
1,411	18,25	29,98
1,410	18,28	29,98
1,410	18,32	29,98
1,405	18,36	29,98
1,404	18,36	29,98
1,400	18,38	29,98
1,398	18,39	29,98
1,398	18,40	29,98
1,396	18,41	29,98
1,394	18,41	29,98
1,392	18,42	29,98
1,392	18,43	29,98
1,389	18,43	29,98
1,388	18,46	29,98
1,385	18,43	29,98
1,384	18,54	29,98
1,380	18,58	29,98
1,378	18,65	29,98
1,377	18,73	29,98
1,372	18,77	29,98
1,371	18,82	29,98
1,371	18,83	29,98
1,369	18,84	29,98
1,368	18,83	29,98
1,366	18,86	29,98
1,364	18,86	29,98
1,364	18,87	29,98
1,362	18,91	29,98
1,359	18,87	29,98
1,359	18,94	29,98
1,355	18,90	29,98
1,355	18,92	29,98
1,354	19,01	29,98
1,352	19,04	29,98
1,348	19,11	29,98
1,345	19,13	29,98
1,344	19,16	29,98
1,342	19,19	29,98
1,341	19,20	29,98
1,338	19,25	29,98
1,338	19,30	29,98
1,334	19,30	29,98
1,333	19,32	29,98
1,332	19,34	29,98
1,331	19,38	29,98
1,328	19,41	29,98
1,326	19,47	29,98
1,323	19,44	29,98
1,323	19,47	29,98
1,320	19,54	29,98
1,318	19,61	29,98
1,315	19,68	29,98
1,314	19,69	29,98
1,312	19,75	29,98
1,312	19,76	29,98
1,309	19,78	29,98
1,307	19,81	29,98
1,306	19,82	29,98
1,304	19,88	29,98
1,302	19,90	29,98
1,301	19,91	29,98
1,297	19,90	29,98
1,297	19,93	29,98
1,296	19,95	29,98
1,295	20,00	29,98
1,291	20,06	29,98
1,290	20,10	29,98
1,289	20,13	29,98
1,286	20,19	29,98
1,284	20,21	29,98
1,283	20,20	29,98
1,284	20,24	29,98
1,280	20,24	29,98
1,277	20,30	29,98
1,276	20,32	29,98
1,276	20,31	29,98
1,273	20,37	29,98
1,270	20,33	29,98
1,268	20,41	29,98
1,268	20,45	29,98
1,265	20,49	29,98
1,265	20,57	29,98
1,262	20,63	29,98
1,261	20,66	29,98
1,260	20,69	29,98
1,259	20,70	29,98
1,257	20,70	29,98
1,259	20,73	29,98
1,254	20,77	29,98
1,253	20,77	29,98
1,251	20,80	29,98
1,252	20,83	29,98
1,248	20,89	29,98
1,247	20,89	29,98
1,245	20,93	29,98
1,244	20,93	29,98
1,241	21,02	29,98
1,241	21,02	29,98
1,238	21,06	29,98
1,238	21,07	29,98
1,234	21,11	29,98
1,232	21,16	29,98
1,232	21,17	29,97
1,231	21,10	29,97
1,230	21,16	29,97
1,227	21,21	29,97
1,226	21,33	29,97
1,225	21,36	29,97
1,222	21,39	29,97
1,221	21,41	29,97
1,222	21,41	29,97
1,219	21,45	29,97
1,215	21,50	29,97
1,214	21,53	29,97
1,212	21,60	29,97
1,210	21,64	29,97
1,211	21,62	29,97
1,209	21,65	29,97
1,207	21,70	29,97
1,205	21,74	29,97
1,203	21,77	29,97
1,201	21,81	29,97
1,200	21,84	29,97
1,200	21,87	29,97
1,197	21,88	29,97
1,196	21,95	29,97
1,195	21,97	29,97
1,193	21,99	29,97
1,191	22,03	29,97
1,190	22,06	29,97
1,189	22,11	29,97
1,186	22,13	29,97
1,186	22,14	29,97
1,185	22,19	29,97
1,182	22,21	29,97
1,181	22,24	29,97
1,178	22,32	29,97
1,176	22,37	29,97
1,176	22,37	29,97
1,175	22,41	29,97
1,172	22,48	29,97
1,172	22,50	29,97
1,168	22,53	29,97
1,168	22,58	29,97
1,165	22,62	29,97
1,164	22,60	29,97
1,162	22,64	29,97
1,161	22,67	29,97
1,160	22,67	29,97
1,157	22,67	29,97
1,157	22,67	29,97
1,154	22,67	29,97
1,155	22,67	29,97
1,149	22,67	29,97
1,148	22,67	29,97
1,146	22,67	29,97
1,146	22,67	29,97
1,145	22,67	29,97
1,143	22,67	29,97
1,143	22,67	29,97
1,143	22,67	29,97
1,143	22,67	29,97
1,143	22,67	29,97
1,143	22,67	29,97
1,143	22,67	29,97
1,143	22,67	29,97
1,143	22,67	29,97
1,144	22,67	29,97
1,144	22,67	29,97
1,143	22,67	29,97
1,143	22,67	29,97
1,145	22,67	29,97
1,144	22,67	29,97
1,145	22,67	29,97
1,144	22,67	29,97
1,143	22,67	29,97
1,146	22,67	29,97
1,144	22,67	29,97
1,143	22,67	29,97
1,144	22,67	29,97
1,144	22,67	29,97
1,145	22,67	29,97
1,145	22,67	29,97
1,144	22,67	29,97
1,144	22,67	29,97
1,144	22,67	29,97
1,144	22,67	29,97
1,145	22,67	29,97
1,144	22,67	29,97
1,145	22,67	29,97
