1,110	22,66	20,00
1,113	22,66	20,00
1,110	22,66	20,01
1,112	22,66	20,01
1,111	22,66	20,01
1,112	22,66	20,01
1,112	22,66	20,01
1,111	22,66	20,01
1,110	22,66	20,01
1,111	22,66	20,01
1,112	22,66	20,01
1,111	22,66	20,01
1,110	22,66	20,01
1,111	22,66	20,02
1,111	22,66	20,02
1,111	22,66	20,02
1,110	22,66	20,02
1,110	22,66	20,02
1,111	22,66	20,02
1,112	22,66	20,02
1,110	22,66	20,02
1,110	22,66	20,03
1,110	22,66	20,03
1,111	22,66	20,03
1,112	22,66	20,03
1,111	22,66	20,03
1,111	22,66	20,03
1,111	22,66	20,03
1,112	22,66	20,03
1,112	22,66	20,03
1,112	22,66	20,03
1,112	22,66	20,03
1,111	22,66	20,03
1,112	22,66	20,03
1,111	22,66	20,03
1,112	22,66	20,04
1,111	22,66	20,04
1,112	22,66	20,04
1,111	22,66	20,04
1,112	22,66	20,04
1,112	22,66	20,04
1,111	22,66	20,04
1,111	22,66	20,04
1,111	22,66	20,04
1,111	22,66	20,05
1,110	22,66	20,05
1,112	22,66	20,05
1,113	22,66	20,05
1,111	22,66	20,05
1,111	22,66	20,05
1,112	22,66	20,05
1,113	22,66	20,05
1,111	22,66	20,05
1,112	22,66	20,05
1,111	22,66	20,06
1,110	22,66	20,06
1,111	22,66	20,06
1,111	22,66	20,06
1,113	22,66	20,06
1,111	22,66	20,06
1,111	22,66	20,06
1,112	22,66	20,06
1,110	22,66	20,06
1,111	22,66	20,06
1,111	22,66	20,06
1,110	22,66	20,06
1,112	22,66	20,06
1,112	22,66	20,06
1,113	22,66	20,06
1,111	22,66	20,06
1,113	22,66	20,06
1,111	22,66	20,06
1,110	22,66	20,06
1,111	22,66	20,07
1,112	22,66	20,07
1,112	22,66	20,07
1,111	22,66	20,07
1,111	22,66	20,07
1,110	22,66	20,07
1,112	22,66	20,07
1,112	22,66	20,07
1,110	22,66	20,07
1,111	22,66	20,07
1,112	22,66	20,07
1,112	22,66	20,07
1,111	22,66	20,07
1,110	22,66	20,07
1,111	22,66	20,07
1,110	22,66	20,07
1,111	22,66	20,07
1,111	22,66	20,08
1,111	22,66	20,08
1,112	22,66	20,08
1,111	22,66	20,08
1,111	22,66	20,08
1,110	22,66	20,08
1,113	22,66	20,08
1,112	22,66	20,08
1,114	22,66	20,08
1,112	22,66	20,08
1,109	22,66	20,08
1,111	22,66	20,08
1,112	22,66	20,08
1,110	22,66	20,08
1,110	22,66	20,08
1,112	22,66	20,08
1,112	22,66	20,08
1,110	22,66	20,08
1,110	22,66	20,08
1,112	22,66	20,08
1,113	22,66	20,08
1,111	22,66	20,08
1,111	22,66	20,08
1,111	22,66	20,08
1,111	22,66	20,08
1,111	22,66	20,08
1,113	22,66	20,08
1,112	22,66	20,09
1,111	22,66	20,09
1,111	22,66	20,09
1,112	22,66	20,09
1,111	22,66	20,09
1,112	22,66	20,09
1,113	22,66	20,09
1,110	22,66	20,09
1,112	22,66	20,09
1,111	22,66	20,09
1,112	22,66	20,09
1,112	22,66	20,09
1,111	22,66	20,09
1,112	22,66	20,09
1,111	22,66	20,09
1,112	22,66	20,09
1,112	22,66	20,09
1,113	22,66	20,09
1,112	22,66	20,09
1,110	22,66	20,09
1,112	22,66	20,09
1,112	22,66	20,09
1,110	22,66	20,09
1,111	22,66	20,09
1,112	22,66	20,09
1,112	22,66	20,09
1,110	22,66	20,09
1,113	22,66	20,09
1,112	22,66	20,09
1,110	22,66	20,09
1,111	22,66	20,09
1,112	22,66	20,09
1,111	22,66	20,09
1,112	22,66	20,09
1,112	22,66	20,09
1,111	22,66	20,09
1,112	22,66	20,09
1,111	22,66	20,09
1,109	22,66	20,09
1,112	22,66	20,09
1,114	22,66	20,09
1,112	22,66	20,09
1,111	22,66	20,09
1,112	22,66	20,09
1,113	22,66	20,09
1,110	22,66	20,09
1,111	22,66	20,09
1,112	22,66	20,09
1,111	22,66	20,09
1,110	22,66	20,09
1,112	22,66	20,09
1,111	22,66	20,09
1,112	22,66	20,09
1,112	22,66	20,09
1,112	22,66	20,09
1,110	22,66	20,09
1,111	22,66	20,09
1,112	22,66	20,09
1,113	22,66	20,09
1,112	22,66	20,09
1,112	22,66	20,09
1,112	22,66	20,09
1,112	22,66	20,09
1,112	22,66	20,09
1,111	22,66	20,09
1,112	22,66	20,09
1,112	22,66	20,09
1,111	22,66	20,09
1,111	22,66	20,09
1,113	22,66	20,09
1,112	22,66	20,09
1,111	22,66	20,09
1,112	22,66	20,09
1,111	22,66	20,09
1,112	22,66	20,09
1,112	22,66	20,09
1,111	22,66	20,09
1,112	22,66	20,09
1,111	22,66	20,09
1,112	22,66	20,09
1,110	22,66	20,09
1,114	22,66	20,09
1,111	22,66	20,09
1,113	22,66	20,09
1,112	22,66	20,09
1,110	22,66	20,09
1,111	22,66	20,10
1,113	22,66	20,10
1,111	22,66	20,09
1,112	22,66	20,10
1,112	22,66	20,10
1,112	22,66	20,10
1,113	22,66	20,10
1,110	22,66	20,10
1,111	22,66	20,10
1,112	22,66	20,10
1,112	22,66	20,10
1,110	22,66	20,10
1,112	22,66	20,10
1,112	22,66	20,10
1,110	22,66	20,10
1,111	22,66	20,10
1,112	22,66	20,10
1,111	22,66	20,10
1,111	22,66	20,10
1,111	22,66	20,10
1,111	22,66	20,10
1,109	22,66	20,10
1,112	22,66	20,10
1,110	22,66	20,10
1,112	22,66	20,10
1,112	22,66	20,10
1,113	22,66	20,10
1,112	22,66	20,10
1,111	22,66	20,10
1,111	22,66	20,10
1,111	22,66	20,10
1,111	22,66	20,10
1,112	22,66	20,10
1,112	22,66	20,10
1,112	22,66	20,10
1,111	22,66	20,10
1,112	22,66	20,10
1,111	22,66	20,10
1,111	22,66	20,10
1,110	22,66	20,10
1,113	22,66	20,10
1,113	22,66	20,10
1,113	22,66	20,10
1,111	22,66	20,10
1,112	22,66	20,10
1,113	22,66	20,10
1,113	22,66	20,10
1,111	22,66	20,10
1,111	22,66	20,10
1,111	22,66	20,10
1,111	22,66	20,10
1,113	22,66	20,10
1,112	22,66	20,10
1,112	22,66	20,10
1,113	22,66	20,10
1,111	22,66	20,10
1,111	22,66	20,10
1,112	22,66	20,10
1,113	22,66	20,10
1,111	22,66	20,10
1,112	22,66	20,10
1,112	22,66	20,10
1,111	22,66	20,10
1,111	22,66	20,10
1,112	22,66	20,10
1,111	22,66	20,10
1,112	22,66	20,10
1,112	22,66	20,10
1,111	22,66	20,10
1,112	22,66	20,10
1,112	22,66	20,10
1,111	22,66	20,10
1,112	22,66	20,10
1,112	22,66	20,10
1,112	22,66	20,10
1,112	22,66	20,10
1,111	22,66	20,10
1,112	22,66	20,10
1,112	22,66	20,10
1,111	22,66	20,10
1,112	22,66	20,10
1,111	22,66	20,10
1,112	22,66	20,10
1,111	22,66	20,10
1,112	22,66	20,10
1,112	22,66	20,10
1,112	22,66	20,10
1,112	22,66	20,10
1,112	22,66	20,10
1,110	22,66	20,10
1,111	22,66	20,10
1,112	22,66	20,10
1,112	22,66	20,10
1,113	22,66	20,10
1,111	22,66	20,10
1,112	22,66	20,10
1,112	22,66	20,10
1,111	22,66	20,10
1,111	22,66	20,10
1,112	22,66	20,10
1,112	22,66	20,10
1,112	22,66	20,10
1,111	22,66	20,10
1,111	22,66	20,10
1,114	22,66	20,10
1,113	22,66	20,10
1,111	22,66	20,10
1,112	22,66	20,10
1,114	22,66	20,10
1,112	22,66	20,10
1,112	22,66	20,10
1,110	22,66	20,10
1,112	22,66	20,10
1,112	22,66	20,10
1,112	22,66	20,10
1,111	22,66	20,10
1,111	22,66	20,10
1,112	22,66	20,10
1,112	22,66	20,10
1,111	22,66	20,10
1,111	22,66	20,10
1,111	22,66	20,10
1,112	22,66	20,10
1,112	22,66	20,10
1,112	22,66	20,10
1,114	22,66	20,10
1,112	22,66	20,10
1,112	22,66	20,10
1,114	22,66	20,10
1,111	22,66	20,10
1,111	22,66	20,10
1,111	22,66	20,10
1,113	22,66	20,10
1,111	22,66	20,10
1,112	22,66	20,10
1,112	22,66	20,10
1,113	22,66	20,10
1,110	22,66	20,10
1,112	22,66	20,10
1,112	22,66	20,10
1,112	22,66	20,10
1,111	22,66	20,10
1,113	22,66	20,10
1,112	22,66	20,10
1,111	22,66	20,10
1,112	22,66	20,10
1,114	22,66	20,10
1,111	22,66	20,10
1,112	22,66	20,10
1,112	22,66	20,10
1,112	22,66	20,10
1,110	22,66	20,10
1,112	22,66	20,10
1,112	22,66	20,10
1,112	22,66	20,10
1,112	22,66	20,10
1,113	22,66	20,10
1,113	22,66	20,10
1,112	22,66	20,10
1,111	22,66	20,10
1,112	22,66	20,10
1,112	22,66	20,10
1,113	22,66	20,10
1,112	22,66	20,10
1,113	22,66	20,10
1,111	22,66	20,10
1,111	22,66	20,10
1,111	22,66	20,10
1,110	22,66	20,10
1,112	22,66	20,10
1,112	22,66	20,10
1,112	22,66	20,10
1,111	22,66	20,10
1,113	22,66	20,10
1,112	22,66	20,10
1,112	22,66	20,10
1,111	22,66	20,10
1,111	22,66	20,10
1,113	22,66	20,10
1,112	22,66	20,10
1,112	22,66	20,10
1,111	22,66	20,10
1,112	22,66	20,10
1,111	22,66	20,10
1,113	22,66	20,10
1,112	22,66	20,10
1,111	22,66	20,10
1,112	22,66	20,10
1,113	22,66	20,10
1,113	22,66	20,10
1,113	22,66	20,10
1,112	22,66	20,10
1,113	22,66	20,10
1,112	22,66	20,10
1,112	22,66	20,10
1,111	22,66	20,10
1,113	22,66	20,10
1,112	22,66	20,10
1,111	22,66	20,10
1,113	22,66	20,10
1,112	22,66	20,10
1,112	22,66	20,10
1,113	22,66	20,10
1,114	22,66	20,10
1,112	22,66	20,10
1,113	22,66	20,10
1,112	22,66	20,10
1,112	22,66	20,10
1,114	22,66	20,10
1,113	22,66	20,10
1,112	22,66	20,10
1,113	22,66	20,10
1,111	22,66	20,10
1,113	22,66	20,10
1,112	22,66	20,10
1,113	22,66	20,10
1,112	22,66	20,10
1,112	22,66	20,10
1,112	22,66	20,10
1,112	22,66	20,10
1,112	22,66	20,10
1,113	22,66	20,10
1,112	22,66	20,10
1,112	22,66	20,10
1,113	22,66	20,10
1,114	22,66	20,10
1,112	22,66	20,10
1,112	22,66	20,10
1,114	22,66	20,10
1,112	22,66	20,10
1,112	22,66	20,10
1,111	22,66	20,10
1,113	22,66	20,10
1,111	22,66	20,10
1,112	22,66	20,10
1,112	22,66	20,10
1,111	22,66	20,10
1,111	22,66	20,10
1,111	22,66	20,10
1,112	22,66	20,10
1,111	22,66	20,10
1,112	22,66	20,10
1,112	22,66	20,10
1,114	22,66	20,10
1,113	22,66	20,10
1,113	22,66	20,10
1,113	22,66	20,10
1,112	22,66	20,10
1,111	22,66	20,10
1,112	22,66	20,10
1,112	22,66	20,10
1,112	22,66	20,10
1,113	22,66	20,10
1,114	22,66	20,10
1,113	22,66	20,10
1,113	22,66	20,10
1,113	22,66	20,10
1,111	22,66	20,10
1,112	22,66	20,10
1,114	22,66	20,10
1,112	22,66	20,10
1,112	22,66	20,10
1,112	22,66	20,10
1,113	22,66	20,10
1,113	22,66	20,10
1,112	22,66	20,10
1,113	22,66	20,10
1,113	22,66	20,10
