1,078	22,66	10,00
1,079	22,66	10,00
1,078	22,66	10,00
1,079	22,66	10,01
1,079	22,66	10,01
1,079	22,66	10,01
1,080	22,66	10,01
1,079	22,66	10,01
1,079	22,66	10,01
1,080	22,66	10,01
1,080	22,66	10,01
1,078	22,66	10,01
1,080	22,66	10,01
1,078	22,66	10,02
1,079	22,66	10,02
1,080	22,66	10,02
1,079	22,66	10,02
1,079	22,66	10,02
1,079	22,66	10,02
1,079	22,66	10,02
1,080	22,66	10,02
1,080	22,66	10,02
1,078	22,66	10,03
1,080	22,66	10,03
1,080	22,66	10,03
1,080	22,66	10,03
1,080	22,66	10,03
1,078	22,66	10,03
1,079	22,66	10,03
1,079	22,66	10,03
1,079	22,66	10,03
1,078	22,66	10,03
1,081	22,66	10,03
1,079	22,66	10,03
1,078	22,66	10,03
1,078	22,66	10,04
1,078	22,66	10,04
1,079	22,66	10,04
1,079	22,66	10,04
1,080	22,66	10,04
1,079	22,66	10,04
1,079	22,66	10,04
1,077	22,66	10,04
1,080	22,66	10,04
1,078	22,66	10,04
1,079	22,66	10,04
1,078	22,66	10,05
1,080	22,66	10,05
1,078	22,66	10,05
1,079	22,66	10,05
1,079	22,66	10,05
1,079	22,66	10,05
1,080	22,66	10,05
1,077	22,66	10,05
1,078	22,66	10,05
1,078	22,66	10,05
1,078	22,66	10,05
1,080	22,66	10,05
1,080	22,66	10,06
1,078	22,66	10,06
1,079	22,66	10,06
1,078	22,66	10,06
1,078	22,66	10,06
1,079	22,66	10,06
1,079	22,66	10,06
1,079	22,66	10,06
1,080	22,66	10,06
1,080	22,66	10,06
1,077	22,66	10,06
1,079	22,66	10,06
1,079	22,66	10,07
1,079	22,66	10,07
1,079	22,66	10,07
1,080	22,66	10,07
1,078	22,66	10,07
1,080	22,66	10,07
1,080	22,66	10,07
1,078	22,66	10,07
1,079	22,66	10,07
1,080	22,66	10,07
1,077	22,66	10,07
1,078	22,66	10,07
1,080	22,66	10,07
1,079	22,66	10,07
1,078	22,66	10,07
1,079	22,66	10,07
1,078	22,66	10,07
1,079	22,66	10,08
1,079	22,66	10,08
1,079	22,66	10,08
1,079	22,66	10,08
1,080	22,66	10,08
1,080	22,66	10,08
1,078	22,66	10,08
1,081	22,66	10,08
1,079	22,66	10,08
1,079	22,66	10,08
1,078	22,66	10,08
1,079	22,66	10,08
1,080	22,66	10,08
1,081	22,66	10,08
1,079	22,66	10,08
1,079	22,66	10,08
1,079	22,66	10,08
1,078	22,66	10,08
1,079	22,66	10,08
1,078	22,66	10,08
1,079	22,66	10,08
1,078	22,66	10,08
1,080	22,66	10,08
1,078	22,66	10,08
1,080	22,66	10,08
1,079	22,66	10,08
1,080	22,66	10,08
1,079	22,66	10,08
1,078	22,66	10,08
1,079	22,66	10,08
1,078	22,66	10,08
1,079	22,66	10,08
1,079	22,66	10,09
1,079	22,66	10,09
1,079	22,66	10,09
1,080	22,66	10,09
1,079	22,66	10,09
1,079	22,66	10,09
1,079	22,66	10,09
1,080	22,66	10,09
1,080	22,66	10,09
1,080	22,66	10,09
1,079	22,66	10,09
1,078	22,66	10,09
1,079	22,66	10,09
1,078	22,66	10,09
1,079	22,66	10,09
1,078	22,66	10,09
1,079	22,66	10,09
1,080	22,66	10,09
1,080	22,66	10,09
1,078	22,66	10,09
1,080	22,66	10,09
1,080	22,66	10,09
1,079	22,66	10,09
1,077	22,66	10,09
1,079	22,66	10,09
1,081	22,66	10,09
1,079	22,66	10,09
1,080	22,66	10,09
1,080	22,66	10,09
1,079	22,66	10,09
1,079	22,66	10,09
1,079	22,66	10,09
1,079	22,66	10,09
1,079	22,66	10,09
1,080	22,66	10,09
1,079	22,66	10,09
1,080	22,66	10,09
1,079	22,66	10,09
1,079	22,66	10,09
1,080	22,66	10,09
1,079	22,66	10,09
1,080	22,66	10,10
1,079	22,66	10,10
1,079	22,66	10,10
1,080	22,66	10,10
1,079	22,66	10,10
1,080	22,66	10,10
1,079	22,66	10,10
1,079	22,66	10,10
1,078	22,66	10,10
1,079	22,66	10,10
1,079	22,66	10,10
1,077	22,66	10,10
1,080	22,66	10,10
1,079	22,66	10,10
1,080	22,66	10,10
1,080	22,66	10,10
1,080	22,66	10,10
1,079	22,66	10,10
1,080	22,66	10,10
1,079	22,66	10,10
1,080	22,66	10,10
1,079	22,66	10,10
1,079	22,66	10,10
1,079	22,66	10,10
1,080	22,66	10,10
1,079	22,66	10,10
1,078	22,66	10,10
1,080	22,66	10,10
1,079	22,66	10,10
1,078	22,66	10,10
1,077	22,66	10,10
1,078	22,66	10,10
1,079	22,66	10,10
1,079	22,66	10,10
1,079	22,66	10,10
1,080	22,66	10,10
1,078	22,66	10,10
1,079	22,66	10,10
1,080	22,66	10,10
1,079	22,66	10,10
1,079	22,66	10,10
1,080	22,66	10,10
1,081	22,66	10,10
1,080	22,66	10,10
1,080	22,66	10,10
1,080	22,66	10,10
1,080	22,66	10,10
1,079	22,66	10,10
1,078	22,66	10,10
1,079	22,66	10,10
1,079	22,66	10,10
1,081	22,66	10,10
1,079	22,66	10,10
1,080	22,66	10,10
1,080	22,66	10,10
1,080	22,66	10,10
1,079	22,66	10,10
1,079	22,66	10,10
1,079	22,66	10,10
1,079	22,66	10,10
1,079	22,66	10,10
1,082	22,66	10,10
1,079	22,66	10,10
1,080	22,66	10,10
1,080	22,66	10,10
1,080	22,66	10,10
1,079	22,66	10,10
1,079	22,66	10,10
1,080	22,66	10,10
1,078	22,66	10,10
1,077	22,66	10,10
1,078	22,66	10,10
1,079	22,66	10,10
1,080	22,66	10,10
1,078	22,66	10,10
1,079	22,66	10,10
1,079	22,66	10,10
1,080	22,66	10,10
1,078	22,66	10,10
1,080	22,66	10,10
1,079	22,66	10,10
1,080	22,66	10,10
1,079	22,66	10,10
1,080	22,66	10,10
1,080	22,66	10,10
1,080	22,66	10,11
1,080	22,66	10,10
1,080	22,66	10,11
1,080	22,66	10,11
1,080	22,66	10,11
1,080	22,66	10,11
1,079	22,66	10,11
1,079	22,66	10,11
1,078	22,66	10,11
1,080	22,66	10,11
1,081	22,66	10,11
1,079	22,66	10,11
1,080	22,66	10,11
1,080	22,66	10,11
1,080	22,66	10,11
1,080	22,66	10,11
1,079	22,66	10,11
1,080	22,66	10,11
1,079	22,66	10,11
1,078	22,66	10,11
1,080	22,66	10,11
1,080	22,66	10,11
1,079	22,66	10,11
1,080	22,66	10,11
1,080	22,66	10,11
1,079	22,66	10,11
1,079	22,66	10,11
1,078	22,66	10,11
1,079	22,66	10,11
1,079	22,66	10,11
1,080	22,66	10,11
1,079	22,66	10,11
1,079	22,66	10,11
1,079	22,66	10,11
1,080	22,66	10,11
1,081	22,66	10,11
1,079	22,66	10,11
1,080	22,66	10,11
1,080	22,66	10,11
1,080	22,66	10,11
1,079	22,66	10,11
1,080	22,66	10,11
1,080	22,66	10,11
1,079	22,66	10,11
1,080	22,66	10,11
1,078	22,66	10,11
1,079	22,66	10,11
1,079	22,66	10,11
1,081	22,66	10,11
1,082	22,66	10,11
1,080	22,66	10,11
1,080	22,66	10,11
1,081	22,66	10,11
1,079	22,66	10,11
1,079	22,66	10,11
1,080	22,66	10,11
1,081	22,66	10,11
1,078	22,66	10,11
1,080	22,66	10,11
1,080	22,66	10,11
1,079	22,66	10,11
1,080	22,66	10,11
1,080	22,66	10,11
1,080	22,66	10,11
1,081	22,66	10,11
1,079	22,66	10,11
1,080	22,66	10,11
1,080	22,66	10,11
1,080	22,66	10,11
1,078	22,66	10,11
1,078	22,66	10,11
1,079	22,66	10,11
1,079	22,66	10,11
1,081	22,66	10,11
1,082	22,66	10,11
1,080	22,66	10,11
1,079	22,66	10,11
1,080	22,66	10,11
1,081	22,66	10,11
1,079	22,66	10,11
1,079	22,66	10,11
1,079	22,66	10,11
1,079	22,66	10,11
1,080	22,66	10,11
1,080	22,66	10,11
1,081	22,66	10,11
1,079	22,66	10,11
1,081	22,66	10,11
1,079	22,66	10,11
1,080	22,66	10,11
1,080	22,66	10,11
1,080	22,66	10,11
1,079	22,66	10,11
1,080	22,66	10,11
1,080	22,66	10,11
1,079	22,66	10,11
1,080	22,66	10,11
1,081	22,66	10,11
1,081	22,66	10,11
1,080	22,66	10,11
1,080	22,66	10,11
1,080	22,66	10,11
1,079	22,66	10,11
1,079	22,66	10,11
1,079	22,66	10,11
1,079	22,66	10,11
1,081	22,66	10,11
1,081	22,66	10,11
1,079	22,66	10,11
1,080	22,66	10,11
1,081	22,66	10,11
1,080	22,66	10,11
1,080	22,66	10,11
1,079	22,66	10,11
1,080	22,66	10,11
1,079	22,66	10,11
1,083	22,66	10,11
1,079	22,66	10,11
1,081	22,66	10,11
1,080	22,66	10,11
1,081	22,66	10,11
1,079	22,66	10,11
1,081	22,66	10,11
1,080	22,66	10,11
1,079	22,66	10,11
1,080	22,66	10,11
1,080	22,66	10,11
1,080	22,66	10,11
1,083	22,66	10,11
1,079	22,66	10,11
1,080	22,66	10,11
1,079	22,66	10,11
1,080	22,66	10,11
1,079	22,66	10,11
1,081	22,66	10,11
1,080	22,66	10,11
1,081	22,66	10,11
1,079	22,66	10,11
1,081	22,66	10,11
1,080	22,66	10,11
1,081	22,66	10,11
1,080	22,66	10,11
1,080	22,66	10,11
1,080	22,66	10,11
1,080	22,66	10,11
1,081	22,66	10,11
1,080	22,66	10,11
1,080	22,66	10,11
1,080	22,66	10,11
1,079	22,66	10,11
1,080	22,66	10,11
1,081	22,66	10,11
1,080	22,66	10,11
1,079	22,66	10,11
1,080	22,66	10,11
1,082	22,66	10,11
1,080	22,66	10,11
1,081	22,66	10,11
1,079	22,66	10,11
1,080	22,66	10,11
1,078	22,66	10,11
1,079	22,66	10,11
1,079	22,66	10,11
1,080	22,66	10,11
1,079	22,66	10,11
1,081	22,66	10,11
1,080	22,66	10,11
1,080	22,66	10,11
1,079	22,66	10,11
1,080	22,66	10,11
1,079	22,66	10,11
1,080	22,66	10,11
1,081	22,66	10,11
1,080	22,66	10,11
1,081	22,66	10,11
1,081	22,66	10,11
1,080	22,66	10,11
1,080	22,66	10,11
1,081	22,66	10,11
1,079	22,66	10,11
1,081	22,66	10,11
1,079	22,66	10,11
1,079	22,66	10,11
1,080	22,66	10,11
1,080	22,66	10,11
1,080	22,66	10,11
1,082	22,66	10,11
1,079	22,66	10,11
1,080	22,66	10,11
1,080	22,66	10,11
1,080	22,66	10,11
1,081	22,66	10,11
1,079	22,66	10,11
1,077	22,66	10,11
1,079	22,66	10,11
1,080	22,66	10,11
1,079	22,66	10,11
1,079	22,66	10,11
1,079	22,66	10,11
1,080	22,66	10,11
1,079	22,66	10,11
1,080	22,66	10,11
1,080	22,66	10,11
1,079	22,66	10,11
1,079	22,66	10,11
1,079	22,66	10,11
1,078	22,66	10,11
1,080	22,66	10,11
1,080	22,66	10,11
1,080	22,66	10,11
1,080	22,66	10,11
1,078	22,66	10,11
1,079	22,66	10,11
1,080	22,66	10,11
1,079	22,66	10,11
1,081	22,66	10,11
1,080	22,66	10,11
1,080	22,66	10,11
1,079	22,66	10,11
1,079	22,66	10,11
1,080	22,66	10,11
1,080	22,66	10,11
1,079	22,66	10,11
1,080	22,66	10,11
1,080	22,66	10,11
1,079	22,66	10,11
1,080	22,66	10,11
1,080	22,66	10,11
1,080	22,66	10,11
1,081	22,66	10,11
1,079	22,66	10,11
1,080	22,66	10,11
1,080	22,66	10,11
1,080	22,66	10,11
1,080	22,66	10,11
1,079	22,66	10,11
1,081	22,66	10,11
1,081	22,66	10,11
1,080	22,66	10,11
1,080	22,66	10,11
1,080	22,66	10,11
1,079	22,66	10,11
1,081	22,66	10,11
1,079	22,66	10,11
1,079	22,66	10,11
1,080	22,66	10,11
1,081	22,66	10,11
1,080	22,66	10,11
1,080	22,66	10,11
1,078	22,66	10,11
1,080	22,66	10,11
1,081	22,66	10,11
1,080	22,66	10,11
1,080	22,66	10,11
1,078	22,66	10,11
1,080	22,66	10,11
1,080	22,66	10,11
1,080	22,66	10,11
1,080	22,66	10,11
1,079	22,66	10,11
1,079	22,66	10,11
1,079	22,66	10,11
1,080	22,66	10,11
1,080	22,66	10,11
1,078	22,66	10,11
1,080	22,66	10,11
