1,128	22,65	25,01
1,127	22,65	25,01
1,128	22,65	25,01
1,128	22,65	25,01
1,127	22,65	25,01
1,127	22,65	25,02
1,127	22,65	25,02
1,127	22,65	25,02
1,127	22,65	25,02
1,126	22,65	25,02
1,128	22,65	25,02
1,129	22,65	25,03
1,127	22,65	25,03
1,128	22,65	25,03
1,128	22,65	25,03
1,128	22,65	25,03
1,128	22,65	25,03
1,128	22,65	25,04
1,128	22,65	25,04
1,128	22,65	25,04
1,129	22,65	25,04
1,129	22,65	25,04
1,130	22,65	25,04
1,128	22,65	25,04
1,128	22,65	25,05
1,129	22,65	25,05
1,127	22,65	25,05
1,127	22,65	25,05
1,129	22,65	25,05
1,129	22,65	25,06
1,128	22,65	25,06
1,129	22,65	25,06
1,128	22,65	25,06
1,129	22,65	25,06
1,127	22,65	25,06
1,128	22,65	25,07
1,129	22,65	25,07
1,127	22,65	25,07
1,128	22,65	25,07
1,128	22,65	25,07
1,126	22,65	25,07
1,128	22,65	25,08
1,128	22,65	25,08
1,129	22,65	25,08
1,127	22,65	25,08
1,129	22,65	25,08
1,128	22,65	25,08
1,128	22,65	25,08
1,128	22,65	25,08
1,128	22,65	25,09
1,129	22,65	25,09
1,127	22,65	25,09
1,129	22,65	25,09
1,128	22,65	25,09
1,128	22,65	25,09
1,129	22,65	25,09
1,128	22,65	25,10
1,130	22,65	25,10
1,129	22,65	25,10
1,129	22,65	25,10
1,128	22,65	25,10
1,128	22,65	25,10
1,128	22,65	25,10
1,128	22,65	25,10
1,127	22,65	25,10
1,128	22,65	25,11
1,128	22,65	25,11
1,128	22,65	25,11
1,129	22,65	25,11
1,128	22,65	25,11
1,128	22,65	25,11
1,128	22,65	25,11
1,129	22,65	25,11
1,128	22,65	25,11
1,129	22,65	25,12
1,129	22,65	25,12
1,129	22,65	25,12
1,130	22,65	25,12
1,128	22,65	25,12
1,128	22,65	25,12
1,129	22,65	25,12
1,128	22,65	25,12
1,128	22,65	25,12
1,128	22,65	25,12
1,128	22,65	25,12
1,127	22,65	25,12
1,128	22,65	25,12
1,128	22,65	25,12
1,128	22,65	25,12
1,128	22,65	25,13
1,129	22,65	25,13
1,130	22,65	25,13
1,127	22,65	25,13
1,128	22,65	25,13
1,128	22,65	25,13
1,129	22,65	25,13
1,129	22,65	25,13
1,128	22,65	25,13
1,129	22,65	25,13
1,128	22,65	25,13
1,131	22,65	25,13
1,127	22,65	25,13
1,127	22,65	25,14
1,128	22,65	25,14
1,128	22,65	25,14
1,128	22,65	25,14
1,129	22,65	25,14
1,128	22,65	25,14
1,127	22,65	25,14
1,128	22,65	25,14
1,129	22,65	25,14
1,130	22,65	25,14
1,130	22,65	25,14
1,129	22,65	25,14
1,128	22,65	25,14
1,127	22,65	25,14
1,127	22,65	25,14
1,128	22,65	25,15
1,129	22,65	25,15
1,129	22,65	25,15
1,130	22,65	25,15
1,128	22,65	25,15
1,129	22,65	25,15
1,129	22,65	25,15
1,130	22,65	25,15
1,128	22,65	25,15
1,129	22,65	25,15
1,128	22,65	25,15
1,128	22,65	25,15
1,128	22,65	25,15
1,130	22,65	25,15
1,127	22,65	25,15
1,128	22,65	25,15
1,129	22,65	25,15
1,129	22,65	25,15
1,129	22,65	25,15
1,129	22,65	25,15
1,129	22,65	25,15
1,128	22,65	25,15
1,128	22,65	25,16
1,129	22,65	25,16
1,129	22,65	25,16
1,128	22,65	25,16
1,130	22,65	25,16
1,128	22,65	25,16
1,128	22,65	25,16
1,128	22,65	25,16
1,128	22,65	25,16
1,128	22,65	25,16
1,128	22,65	25,16
1,129	22,65	25,16
1,128	22,65	25,16
1,129	22,65	25,16
1,129	22,65	25,16
1,128	22,65	25,16
1,129	22,65	25,16
1,129	22,65	25,16
1,127	22,65	25,16
1,128	22,65	25,16
1,128	22,65	25,16
1,127	22,65	25,16
1,128	22,65	25,16
1,129	22,65	25,16
1,128	22,65	25,16
1,128	22,65	25,16
1,128	22,65	25,16
1,129	22,65	25,16
1,128	22,65	25,16
1,128	22,65	25,16
1,129	22,65	25,16
1,127	22,65	25,16
1,130	22,65	25,16
1,128	22,65	25,16
1,128	22,65	25,16
1,129	22,65	25,16
1,130	22,65	25,16
1,128	22,65	25,16
1,128	22,65	25,16
1,128	22,65	25,16
1,127	22,65	25,16
1,129	22,65	25,16
1,128	22,65	25,16
1,128	22,65	25,16
1,131	22,65	25,16
1,128	22,65	25,16
1,128	22,65	25,16
1,129	22,65	25,16
1,129	22,65	25,16
1,128	22,65	25,16
1,128	22,65	25,16
1,129	22,65	25,16
1,127	22,65	25,16
1,129	22,65	25,16
1,129	22,65	25,16
1,128	22,65	25,16
1,129	22,65	25,16
1,129	22,65	25,16
1,130	22,65	25,16
1,129	22,65	25,16
1,129	22,65	25,16
1,128	22,65	25,16
1,128	22,65	25,16
1,128	22,65	25,17
1,128	22,65	25,16
1,126	22,65	25,17
1,129	22,65	25,17
1,130	22,65	25,17
1,128	22,65	25,17
1,129	22,65	25,17
1,129	22,65	25,17
1,129	22,65	25,17
1,128	22,65	25,17
1,129	22,65	25,17
1,129	22,65	25,17
1,129	22,65	25,17
1,127	22,65	25,17
1,129	22,65	25,17
1,127	22,65	25,17
1,127	22,65	25,17
1,129	22,65	25,17
1,129	22,65	25,17
1,128	22,65	25,17
1,128	22,65	25,17
1,128	22,65	25,17
1,126	22,65	25,17
1,128	22,65	25,17
1,130	22,65	25,17
1,129	22,65	25,17
1,128	22,65	25,17
1,130	22,65	25,17
1,129	22,65	25,17
1,129	22,65	25,17
1,130	22,65	25,17
1,128	22,65	25,17
1,129	22,65	25,17
1,127	22,65	25,17
1,130	22,65	25,17
1,129	22,65	25,17
1,130	22,65	25,17
1,128	22,65	25,17
1,129	22,65	25,17
1,129	22,65	25,17
1,129	22,65	25,17
1,129	22,65	25,17
1,128	22,65	25,17
1,128	22,65	25,17
1,128	22,65	25,17
1,129	22,65	25,17
1,128	22,65	25,17
1,130	22,65	25,17
1,127	22,65	25,17
1,130	22,65	25,17
1,128	22,65	25,17
1,128	22,65	25,17
1,127	22,65	25,17
1,127	22,65	25,17
1,128	22,65	25,17
1,130	22,65	25,17
1,128	22,65	25,17
1,131	22,65	25,17
1,129	22,65	25,17
1,128	22,65	25,17
1,129	22,65	25,17
1,129	22,65	25,17
1,127	22,65	25,17
1,128	22,65	25,17
1,129	22,65	25,17
1,128	22,65	25,17
1,128	22,65	25,17
1,129	22,65	25,17
1,127	22,65	25,17
1,130	22,65	25,17
1,129	22,65	25,17
1,128	22,65	25,17
1,129	22,65	25,17
1,128	22,65	25,17
1,129	22,65	25,17
1,129	22,65	25,17
1,127	22,65	25,17
1,129	22,65	25,17
1,128	22,65	25,17
1,129	22,65	25,17
1,129	22,65	25,17
1,129	22,65	25,17
1,128	22,65	25,17
1,127	22,65	25,17
1,127	22,65	25,17
1,129	22,65	25,17
1,127	22,65	25,17
1,128	22,65	25,17
1,129	22,65	25,17
1,128	22,65	25,17
1,129	22,65	25,17
1,129	22,65	25,17
1,129	22,65	25,17
1,128	22,65	25,17
1,129	22,65	25,17
1,128	22,65	25,17
1,127	22,65	25,17
1,129	22,65	25,17
1,129	22,65	25,17
1,128	22,65	25,17
1,128	22,65	25,17
1,129	22,65	25,17
1,128	22,65	25,17
1,127	22,65	25,17
1,128	22,65	25,17
1,128	22,65	25,17
1,127	22,65	25,17
1,128	22,65	25,17
1,128	22,65	25,17
1,127	22,65	25,17
1,130	22,65	25,17
1,129	22,65	25,17
1,127	22,65	25,17
1,128	22,65	25,17
1,129	22,65	25,17
1,129	22,65	25,17
1,129	22,65	25,17
1,129	22,65	25,17
1,129	22,65	25,17
1,128	22,65	25,17
1,128	22,65	25,17
1,128	22,65	25,17
1,127	22,65	25,17
1,128	22,65	25,17
1,129	22,65	25,17
1,129	22,65	25,17
1,129	22,65	25,17
1,130	22,65	25,17
1,127	22,65	25,17
1,128	22,65	25,17
1,129	22,65	25,17
1,131	22,65	25,17
1,127	22,65	25,17
1,130	22,65	25,17
1,130	22,65	25,17
1,129	22,65	25,17
1,130	22,65	25,17
1,129	22,65	25,17
1,127	22,65	25,17
1,129	22,65	25,17
1,128	22,65	25,17
1,129	22,65	25,17
1,130	22,65	25,17
1,130	22,65	25,17
1,130	22,65	25,17
1,129	22,65	25,17
1,127	22,65	25,17
1,129	22,65	25,17
1,129	22,65	25,17
1,129	22,65	25,17
1,128	22,65	25,17
1,129	22,65	25,17
1,130	22,65	25,17
1,129	22,65	25,17
1,128	22,65	25,17
1,128	22,65	25,17
1,128	22,65	25,17
1,129	22,65	25,17
1,129	22,65	25,17
1,129	22,65	25,17
1,129	22,65	25,17
1,131	22,65	25,17
1,129	22,65	25,17
1,131	22,65	25,17
1,128	22,65	25,17
1,129	22,65	25,17
1,129	22,65	25,17
1,129	22,65	25,17
1,128	22,65	25,17
1,127	22,65	25,17
1,130	22,65	25,17
1,129	22,65	25,17
1,129	22,65	25,17
1,129	22,65	25,17
1,129	22,65	25,17
1,129	22,65	25,17
1,129	22,65	25,17
1,129	22,65	25,17
1,129	22,65	25,17
1,129	22,65	25,17
1,129	22,65	25,17
1,131	22,65	25,17
1,129	22,65	25,17
1,129	22,65	25,17
1,129	22,65	25,17
1,128	22,65	25,17
1,128	22,65	25,17
1,130	22,65	25,17
1,128	22,65	25,17
1,131	22,65	25,17
1,131	22,65	25,17
1,129	22,65	25,17
1,129	22,65	25,17
1,128	22,65	25,17
1,127	22,65	25,17
1,130	22,65	25,17
1,130	22,65	25,17
1,131	22,65	25,17
1,128	22,65	25,17
1,129	22,65	25,17
1,130	22,65	25,17
1,129	22,65	25,17
1,129	22,65	25,17
1,129	22,65	25,17
1,127	22,65	25,17
1,130	22,65	25,17
1,130	22,65	25,17
1,130	22,65	25,17
1,129	22,65	25,17
1,129	22,65	25,17
1,129	22,65	25,17
1,130	22,65	25,17
1,130	22,65	25,17
1,131	22,65	25,17
1,130	22,65	25,17
1,129	22,65	25,17
1,129	22,65	25,17
1,128	22,65	25,17
1,130	22,65	25,17
1,130	22,65	25,17
1,131	22,65	25,17
1,129	22,65	25,17
1,130	22,65	25,17
1,126	22,65	25,17
1,130	22,65	25,17
1,129	22,65	25,17
1,129	22,65	25,17
1,129	22,65	25,17
1,129	22,65	25,17
1,129	22,65	25,17
1,128	22,65	25,17
1,128	22,65	25,17
1,130	22,65	25,17
1,129	22,65	25,17
1,130	22,65	25,17
1,129	22,65	25,17
1,130	22,65	25,17
1,129	22,65	25,17
1,128	22,65	25,17
1,131	22,65	25,17
1,130	22,65	25,17
1,130	22,65	25,17
1,130	22,65	25,17
1,131	22,65	25,17
1,129	22,65	25,17
1,129	22,65	25,17
1,130	22,65	25,17
1,129	22,65	25,17
1,129	22,65	25,17
1,130	22,65	25,17
1,130	22,65	25,17
1,129	22,65	25,17
1,130	22,65	25,17
1,129	22,65	25,17
1,130	22,65	25,17
1,127	22,65	25,17
1,129	22,65	25,17
1,128	22,65	25,17
1,129	22,65	25,17
1,130	22,65	25,17
1,131	22,65	25,16
1,129	22,65	25,17
1,129	22,65	25,17
1,128	22,65	25,17
1,129	22,65	25,17
1,129	22,65	25,17
1,129	22,65	25,16
1,128	22,65	25,17
1,130	22,65	25,16
1,129	22,65	25,17
1,129	22,65	25,17
1,129	22,65	25,16
1,130	22,65	25,16
1,129	22,65	25,17
1,130	22,65	25,16
1,129	22,65	25,16
1,130	22,65	25,16
1,130	22,65	25,16
1,129	22,65	25,16
1,130	22,65	25,16
1,129	22,65	25,16
1,131	22,65	25,16
1,128	22,65	25,16
1,131	22,65	25,16
1,129	22,65	25,16
1,127	22,65	25,16
1,128	22,65	25,16
1,130	22,65	25,16
1,129	22,65	25,16
1,129	22,65	25,16
1,130	22,65	25,16
1,129	22,65	25,16
1,129	22,65	25,16
1,128	22,65	25,16
1,131	22,65	25,16
1,130	22,65	25,16
1,129	22,65	25,16
1,130	22,65	25,16
1,129	22,65	25,16
1,130	22,65	25,16
