1,094	22,65	15,00
1,094	22,65	15,00
1,095	22,65	15,00
1,094	22,65	15,01
1,095	22,65	15,01
1,096	22,65	15,01
1,095	22,65	15,01
1,094	22,65	15,01
1,095	22,65	15,01
1,095	22,65	15,01
1,094	22,65	15,01
1,093	22,65	15,01
1,094	22,65	15,01
1,094	22,65	15,01
1,095	22,65	15,01
1,094	22,65	15,02
1,093	22,65	15,02
1,093	22,65	15,02
1,096	22,65	15,02
1,094	22,65	15,02
1,094	22,65	15,02
1,094	22,65	15,02
1,095	22,65	15,02
1,094	22,65	15,02
1,093	22,65	15,03
1,094	22,65	15,03
1,094	22,65	15,03
1,094	22,65	15,03
1,094	22,65	15,03
1,093	22,65	15,03
1,095	22,65	15,03
1,094	22,65	15,03
1,095	22,65	15,03
1,094	22,65	15,03
1,094	22,65	15,03
1,094	22,65	15,04
1,095	22,65	15,04
1,094	22,65	15,04
1,093	22,65	15,04
1,095	22,65	15,04
1,095	22,65	15,04
1,094	22,65	15,04
1,094	22,65	15,04
1,096	22,65	15,04
1,095	22,65	15,04
1,093	22,65	15,04
1,094	22,65	15,04
1,095	22,65	15,04
1,094	22,65	15,04
1,095	22,65	15,04
1,094	22,65	15,05
1,095	22,65	15,05
1,096	22,65	15,05
1,094	22,65	15,05
1,093	22,65	15,05
1,094	22,65	15,05
1,094	22,65	15,05
1,094	22,65	15,05
1,093	22,65	15,05
1,094	22,65	15,05
1,094	22,65	15,06
1,096	22,65	15,06
1,094	22,65	15,06
1,094	22,65	15,06
1,095	22,65	15,06
1,094	22,65	15,06
1,095	22,65	15,06
1,095	22,65	15,06
1,095	22,65	15,06
1,094	22,65	15,06
1,094	22,65	15,07
1,096	22,65	15,07
1,094	22,65	15,07
1,095	22,65	15,07
1,094	22,65	15,07
1,094	22,65	15,07
1,095	22,65	15,07
1,096	22,65	15,07
1,095	22,65	15,07
1,094	22,65	15,07
1,094	22,65	15,07
1,095	22,65	15,07
1,095	22,65	15,08
1,094	22,65	15,08
1,095	22,65	15,08
1,094	22,65	15,08
1,094	22,65	15,08
1,094	22,65	15,08
1,093	22,65	15,08
1,094	22,65	15,08
1,095	22,65	15,08
1,094	22,65	15,08
1,094	22,65	15,08
1,094	22,65	15,08
1,094	22,65	15,08
1,095	22,65	15,08
1,094	22,65	15,08
1,094	22,65	15,08
1,095	22,65	15,08
1,095	22,65	15,08
1,095	22,65	15,08
1,094	22,65	15,08
1,094	22,65	15,08
1,094	22,65	15,08
1,095	22,65	15,08
1,095	22,65	15,09
1,095	22,65	15,09
1,095	22,65	15,09
1,094	22,65	15,09
1,093	22,65	15,09
1,095	22,65	15,09
1,094	22,65	15,09
1,096	22,65	15,09
1,095	22,65	15,09
1,095	22,65	15,09
1,095	22,65	15,09
1,095	22,65	15,09
1,093	22,65	15,09
1,096	22,65	15,09
1,094	22,65	15,09
1,094	22,65	15,09
1,095	22,65	15,09
1,097	22,65	15,09
1,094	22,65	15,09
1,096	22,65	15,09
1,094	22,65	15,09
1,094	22,65	15,09
1,094	22,65	15,09
1,096	22,65	15,09
1,093	22,65	15,10
1,095	22,65	15,10
1,094	22,65	15,10
1,094	22,65	15,10
1,094	22,65	15,10
1,095	22,65	15,10
1,094	22,65	15,10
1,095	22,65	15,10
1,095	22,65	15,10
1,094	22,65	15,10
1,094	22,65	15,10
1,096	22,65	15,10
1,095	22,65	15,10
1,095	22,65	15,10
1,095	22,65	15,10
1,093	22,65	15,10
1,095	22,65	15,10
1,094	22,65	15,10
1,095	22,65	15,10
1,095	22,65	15,10
1,094	22,65	15,10
1,095	22,65	15,10
1,094	22,65	15,10
1,094	22,65	15,10
1,094	22,65	15,10
1,095	22,65	15,10
1,094	22,65	15,10
1,095	22,65	15,10
1,096	22,65	15,10
1,094	22,65	15,10
1,096	22,65	15,10
1,095	22,65	15,10
1,095	22,65	15,10
1,095	22,65	15,10
1,094	22,65	15,10
1,094	22,65	15,10
1,096	22,65	15,10
1,094	22,65	15,10
1,096	22,65	15,10
1,093	22,65	15,10
1,094	22,65	15,10
1,096	22,65	15,10
1,096	22,65	15,11
1,094	22,65	15,11
1,095	22,65	15,11
1,094	22,65	15,11
1,096	22,65	15,11
1,096	22,65	15,11
1,094	22,65	15,11
1,094	22,65	15,11
1,096	22,65	15,11
1,095	22,65	15,11
1,094	22,65	15,11
1,094	22,65	15,11
1,095	22,65	15,11
1,094	22,65	15,11
1,094	22,65	15,11
1,095	22,65	15,11
1,095	22,65	15,11
1,094	22,65	15,11
1,095	22,65	15,11
1,094	22,65	15,11
1,095	22,65	15,11
1,096	22,65	15,11
1,094	22,65	15,11
1,096	22,65	15,11
1,095	22,65	15,11
1,095	22,65	15,11
1,095	22,65	15,11
1,094	22,65	15,11
1,094	22,65	15,11
1,094	22,65	15,11
1,095	22,65	15,11
1,094	22,65	15,11
1,094	22,65	15,11
1,094	22,65	15,11
1,094	22,65	15,11
1,093	22,65	15,11
1,094	22,65	15,11
1,095	22,65	15,11
1,095	22,65	15,11
1,094	22,65	15,11
1,096	22,65	15,11
1,095	22,65	15,11
1,094	22,65	15,11
1,095	22,65	15,11
1,095	22,65	15,11
1,095	22,65	15,11
1,096	22,65	15,11
1,094	22,65	15,11
1,094	22,65	15,11
1,095	22,65	15,11
1,095	22,65	15,11
1,096	22,65	15,11
1,095	22,65	15,11
1,094	22,65	15,11
1,094	22,65	15,11
1,094	22,65	15,11
1,093	22,65	15,11
1,094	22,65	15,11
1,094	22,65	15,11
1,094	22,65	15,11
1,096	22,65	15,11
1,094	22,65	15,11
1,095	22,65	15,11
1,093	22,65	15,11
1,094	22,65	15,11
1,094	22,65	15,11
1,094	22,65	15,11
1,095	22,65	15,11
1,094	22,65	15,11
1,095	22,65	15,11
1,094	22,65	15,11
1,094	22,65	15,11
1,094	22,65	15,11
1,093	22,65	15,11
1,095	22,65	15,11
1,093	22,65	15,11
1,095	22,65	15,11
1,095	22,65	15,11
1,095	22,65	15,11
1,095	22,65	15,11
1,096	22,65	15,11
1,096	22,65	15,11
1,096	22,65	15,11
1,093	22,65	15,11
1,095	22,65	15,11
1,095	22,65	15,11
1,095	22,65	15,11
1,095	22,65	15,11
1,096	22,65	15,11
1,094	22,65	15,11
1,095	22,65	15,11
1,096	22,65	15,11
1,096	22,65	15,11
1,095	22,65	15,11
1,094	22,65	15,11
1,096	22,65	15,11
1,097	22,65	15,11
1,094	22,65	15,11
1,095	22,65	15,11
1,095	22,65	15,11
1,095	22,65	15,11
1,096	22,65	15,11
1,095	22,65	15,11
1,095	22,65	15,11
1,095	22,65	15,11
1,094	22,65	15,11
1,096	22,65	15,11
1,095	22,65	15,11
1,096	22,65	15,11
1,095	22,65	15,11
1,095	22,65	15,11
1,094	22,65	15,11
1,094	22,65	15,11
1,096	22,65	15,11
1,095	22,65	15,11
1,095	22,65	15,11
1,095	22,65	15,11
1,096	22,65	15,11
1,097	22,65	15,11
1,096	22,65	15,11
1,096	22,65	15,11
1,094	22,65	15,11
1,094	22,65	15,11
1,093	22,65	15,11
1,095	22,65	15,11
1,094	22,65	15,11
1,095	22,65	15,11
1,094	22,65	15,11
1,093	22,65	15,11
1,093	22,65	15,11
1,095	22,65	15,11
1,094	22,65	15,11
1,096	22,65	15,11
1,095	22,65	15,11
1,095	22,65	15,11
1,095	22,65	15,11
1,094	22,65	15,11
1,097	22,65	15,11
1,094	22,65	15,11
1,095	22,65	15,11
1,095	22,65	15,11
1,094	22,65	15,11
1,094	22,65	15,11
1,094	22,65	15,11
1,096	22,65	15,11
1,094	22,65	15,11
1,094	22,65	15,11
1,094	22,65	15,11
1,095	22,65	15,11
1,095	22,65	15,11
1,095	22,65	15,11
1,095	22,65	15,11
1,096	22,65	15,11
1,095	22,65	15,11
1,096	22,65	15,11
1,097	22,65	15,11
1,096	22,65	15,11
1,094	22,65	15,11
1,096	22,65	15,11
1,095	22,65	15,11
1,094	22,65	15,11
1,096	22,65	15,11
1,096	22,65	15,11
1,094	22,65	15,11
1,095	22,65	15,11
1,094	22,65	15,11
1,094	22,65	15,11
1,096	22,65	15,11
1,094	22,65	15,11
1,095	22,65	15,11
1,096	22,65	15,11
1,095	22,65	15,11
1,094	22,65	15,11
1,093	22,65	15,11
1,094	22,65	15,11
1,095	22,65	15,11
1,094	22,65	15,11
1,096	22,65	15,11
1,097	22,65	15,11
1,095	22,65	15,11
1,095	22,65	15,11
1,094	22,65	15,11
1,094	22,65	15,11
1,094	22,65	15,11
1,095	22,65	15,11
1,096	22,65	15,11
1,096	22,65	15,11
1,095	22,65	15,11
1,095	22,65	15,11
1,094	22,65	15,11
1,094	22,65	15,11
1,094	22,65	15,11
1,095	22,65	15,11
1,095	22,65	15,11
1,095	22,65	15,11
1,095	22,65	15,11
1,094	22,65	15,11
1,096	22,65	15,11
1,094	22,65	15,11
1,096	22,65	15,11
1,096	22,65	15,11
1,095	22,65	15,11
1,095	22,65	15,11
1,094	22,65	15,11
1,095	22,65	15,11
1,094	22,65	15,11
1,094	22,65	15,11
1,095	22,65	15,11
1,095	22,65	15,11
1,094	22,65	15,11
1,095	22,65	15,11
1,096	22,65	15,11
1,094	22,65	15,11
1,094	22,65	15,11
1,094	22,65	15,11
1,093	22,65	15,11
1,094	22,65	15,11
1,094	22,65	15,11
1,094	22,65	15,11
1,095	22,65	15,11
1,093	22,65	15,11
1,094	22,65	15,11
1,093	22,65	15,11
1,093	22,65	15,11
1,092	22,65	15,11
1,093	22,65	15,11
1,095	22,65	15,11
1,095	22,65	15,11
1,094	22,65	15,11
1,093	22,65	15,11
1,094	22,65	15,11
1,094	22,65	15,11
1,094	22,65	15,11
1,095	22,65	15,11
1,095	22,65	15,11
1,094	22,65	15,11
1,096	22,65	15,11
1,096	22,65	15,11
1,095	22,65	15,11
1,094	22,65	15,11
1,096	22,65	15,11
1,094	22,65	15,11
1,094	22,65	15,11
1,094	22,65	15,11
1,094	22,65	15,11
1,095	22,65	15,11
1,095	22,65	15,11
1,094	22,65	15,11
1,093	22,65	15,11
1,094	22,65	15,11
1,093	22,65	15,11
1,093	22,65	15,11
1,095	22,65	15,11
1,094	22,65	15,11
1,096	22,65	15,11
1,094	22,65	15,11
1,096	22,65	15,11
1,095	22,65	15,11
1,096	22,65	15,11
1,094	22,65	15,11
1,095	22,65	15,11
1,094	22,65	15,11
1,094	22,65	15,11
1,094	22,65	15,11
1,093	22,65	15,11
1,094	22,65	15,11
1,095	22,65	15,11
1,096	22,65	15,11
1,095	22,65	15,11
1,096	22,65	15,11
1,095	22,65	15,11
1,094	22,65	15,11
1,095	22,65	15,11
1,096	22,65	15,11
1,095	22,65	15,11
1,096	22,65	15,11
1,096	22,65	15,11
1,094	22,65	15,11
1,095	22,65	15,11
1,095	22,65	15,11
1,096	22,65	15,11
1,094	22,65	15,11
1,095	22,65	15,11
1,095	22,65	15,11
1,095	22,65	15,11
1,094	22,65	15,11
1,095	22,65	15,11
1,095	22,65	15,11
1,093	22,65	15,11
1,096	22,65	15,11
1,095	22,65	15,11
1,094	22,65	15,11
1,095	22,65	15,11
1,095	22,65	15,11
1,096	22,65	15,11
1,094	22,65	15,11
1,096	22,65	15,11
1,095	22,65	15,11
1,095	22,65	15,11
1,094	22,65	15,11
1,095	22,65	15,11
1,095	22,65	15,11
1,096	22,65	15,11
1,096	22,65	15,11
1,094	22,65	15,11
1,093	22,65	15,11
1,096	22,65	15,11
1,095	22,65	15,11
1,096	22,65	15,11
1,095	22,65	15,11
1,096	22,65	15,11
1,095	22,65	15,11
1,095	22,65	15,11
1,096	22,65	15,11
1,095	22,65	15,11
1,095	22,65	15,11
1,093	22,65	15,11
1,095	22,65	15,11
1,096	22,65	15,11
1,095	22,65	15,11
1,094	22,65	15,11
1,094	22,65	15,11
1,095	22,65	15,11
1,096	22,65	15,11
1,095	22,65	15,11
1,095	22,65	15,11
1,095	22,65	15,11
1,094	22,65	15,11
1,095	22,65	15,11
1,095	22,65	15,11
1,095	22,65	15,11
1,096	22,65	15,11
1,096	22,65	15,11
1,093	22,65	15,11
1,096	22,65	15,11
1,094	22,65	15,11
1,096	22,65	15,11
1,094	22,65	15,11
1,095	22,65	15,11
1,095	22,65	15,11
1,095	22,65	15,11
1,094	22,65	15,11
1,094	22,65	15,11
1,093	22,65	15,11
1,094	22,65	15,11
1,095	22,65	15,11
1,096	22,65	15,11
1,096	22,65	15,11
1,094	22,65	15,11
1,095	22,65	15,11
1,093	22,65	15,11
1,094	22,65	15,11
1,096	22,65	15,11
1,093	22,65	15,11
1,096	22,65	15,11
1,094	22,65	15,11
1,094	22,65	15,11
1,096	22,65	15,11
1,096	22,65	15,11
1,095	22,65	15,11
1,095	22,65	15,11
1,095	22,65	15,11
1,095	22,65	15,11
1,094	22,65	15,11
1,094	22,65	15,11
1,096	22,65	15,11
1,096	22,65	15,11
1,094	22,65	15,11
1,098	22,65	15,11
1,093	22,65	15,11
1,095	22,65	15,11
1,095	22,65	15,11
1,093	22,65	15,11
1,094	22,65	15,11
1,095	22,65	15,11
1,094	22,65	15,11
1,096	22,65	15,11
1,094	22,65	15,11
1,095	22,65	15,11
1,095	22,65	15,11
1,096	22,65	15,11
1,096	22,65	15,11
1,096	22,65	15,11
1,094	22,65	15,11
1,095	22,65	15,11
1,095	22,65	15,11
1,094	22,65	15,11
1,095	22,65	15,11
1,096	22,65	15,11
1,095	22,65	15,11
1,095	22,65	15,11
1,095	22,65	15,11
1,094	22,65	15,11
1,094	22,65	15,11
1,097	22,65	15,11
1,093	22,65	15,11
1,094	22,65	15,11
1,095	22,65	15,11
1,095	22,65	15,11
1,095	22,65	15,11
1,095	22,65	15,11
1,093	22,65	15,11
1,095	22,65	15,11
1,096	22,65	15,11
1,094	22,65	15,11
1,095	22,65	15,11
1,094	22,65	15,11
1,094	22,65	15,11
1,094	22,65	15,11
1,096	22,65	15,11
1,094	22,65	15,11
1,097	22,65	15,11
1,095	22,65	15,11
1,094	22,65	15,11
1,094	22,65	15,11
1,094	22,65	15,11
1,095	22,65	15,11
1,094	22,65	15,11
1,093	22,65	15,11
1,094	22,65	15,11
1,095	22,65	15,11
1,093	22,65	15,11
1,094	22,65	15,11
1,096	22,65	15,11
1,095	22,65	15,11
1,096	22,65	15,11
1,095	22,65	15,11
