1,144	22,65	29,95
1,145	22,65	29,95
1,146	22,65	29,95
1,146	22,65	29,95
1,146	22,65	29,96
1,146	22,65	29,96
1,146	22,65	29,96
1,147	22,65	29,96
1,145	22,65	29,96
1,146	22,65	29,96
1,145	22,65	29,96
1,147	22,65	29,97
1,146	22,65	29,97
1,145	22,65	29,97
1,146	22,65	29,97
1,145	22,65	29,97
1,145	22,65	29,97
1,146	22,65	29,98
1,146	22,65	29,98
1,146	22,65	29,98
1,147	22,65	29,98
1,145	22,65	29,98
1,146	22,65	29,98
1,146	22,65	29,99
1,145	22,65	29,99
1,146	22,65	29,99
1,145	22,65	29,99
1,145	22,65	29,99
1,146	22,65	29,99
1,146	22,65	29,99
1,146	22,65	29,99
1,146	22,65	29,99
1,146	22,65	29,99
1,146	22,65	30,00
1,145	22,65	30,00
1,146	22,65	30,00
1,146	22,65	30,00
1,146	22,65	30,00
1,146	22,65	30,00
1,147	22,65	30,01
1,147	22,65	30,01
1,147	22,65	30,01
1,144	22,65	30,01
1,145	22,65	30,01
1,145	22,65	30,01
1,145	22,65	30,01
1,147	22,65	30,02
1,146	22,65	30,02
1,146	22,65	30,02
1,145	22,65	30,02
1,146	22,65	30,02
1,146	22,65	30,02
1,146	22,65	30,02
1,144	22,65	30,02
1,147	22,65	30,03
1,145	22,65	30,03
1,146	22,65	30,03
1,146	22,65	30,03
1,146	22,65	30,03
1,147	22,65	30,03
1,147	22,65	30,03
1,146	22,65	30,03
1,146	22,65	30,03
1,146	22,65	30,04
1,146	22,65	30,04
1,144	22,65	30,04
1,146	22,65	30,04
1,146	22,65	30,04
1,146	22,65	30,04
1,146	22,65	30,04
1,145	22,65	30,04
1,145	22,65	30,04
1,145	22,65	30,04
1,145	22,65	30,05
1,145	22,65	30,05
1,144	22,65	30,05
1,146	22,65	30,05
1,148	22,65	30,05
1,146	22,65	30,05
1,146	22,65	30,05
1,147	22,65	30,05
1,145	22,65	30,05
1,146	22,65	30,05
1,147	22,65	30,05
1,146	22,65	30,05
1,145	22,65	30,05
1,146	22,65	30,05
1,146	22,65	30,05
1,146	22,65	30,05
1,145	22,65	30,05
1,146	22,65	30,05
1,148	22,65	30,05
1,147	22,65	30,06
1,147	22,65	30,06
1,146	22,65	30,06
1,147	22,65	30,06
1,147	22,65	30,06
1,146	22,65	30,06
1,147	22,65	30,06
1,145	22,65	30,06
1,146	22,65	30,06
1,145	22,65	30,06
1,144	22,65	30,06
1,146	22,65	30,06
1,146	22,65	30,06
1,147	22,65	30,06
1,147	22,65	30,06
1,146	22,65	30,06
1,148	22,65	30,06
1,146	22,65	30,06
1,147	22,65	30,06
1,146	22,65	30,06
1,145	22,65	30,07
1,147	22,65	30,07
1,147	22,65	30,07
1,144	22,65	30,07
1,147	22,65	30,07
1,146	22,65	30,07
1,146	22,65	30,07
1,146	22,65	30,07
1,147	22,65	30,07
1,146	22,65	30,07
1,146	22,65	30,07
1,145	22,65	30,07
1,146	22,65	30,07
1,146	22,65	30,07
1,146	22,65	30,07
1,147	22,65	30,07
1,147	22,65	30,07
1,145	22,65	30,07
1,145	22,65	30,07
1,146	22,65	30,07
1,147	22,65	30,07
1,147	22,65	30,07
1,146	22,65	30,07
1,146	22,65	30,07
1,146	22,65	30,07
1,147	22,65	30,07
1,147	22,65	30,07
1,147	22,65	30,08
1,145	22,65	30,08
1,148	22,65	30,08
1,146	22,65	30,08
1,146	22,65	30,08
1,147	22,65	30,08
1,146	22,65	30,08
1,146	22,65	30,08
1,146	22,65	30,08
1,147	22,65	30,08
1,146	22,65	30,08
1,146	22,65	30,08
1,146	22,65	30,08
1,146	22,65	30,08
1,146	22,65	30,08
1,147	22,65	30,08
1,147	22,65	30,08
1,147	22,65	30,08
1,145	22,65	30,08
1,146	22,65	30,08
1,147	22,65	30,08
1,146	22,65	30,08
1,145	22,65	30,08
1,146	22,65	30,08
1,145	22,65	30,08
1,147	22,65	30,08
1,147	22,65	30,08
1,145	22,65	30,08
1,145	22,65	30,08
1,147	22,65	30,08
1,147	22,65	30,08
1,146	22,65	30,08
1,145	22,65	30,08
1,148	22,65	30,08
1,147	22,65	30,08
1,149	22,65	30,08
1,146	22,65	30,08
1,146	22,65	30,08
1,146	22,65	30,08
1,147	22,65	30,08
1,145	22,65	30,08
1,146	22,65	30,08
1,147	22,65	30,08
1,148	22,65	30,08
1,147	22,65	30,08
1,146	22,65	30,08
1,147	22,65	30,08
1,147	22,65	30,08
1,148	22,65	30,08
1,146	22,65	30,08
1,145	22,65	30,08
1,146	22,65	30,08
1,145	22,65	30,08
1,147	22,65	30,08
1,148	22,65	30,08
1,146	22,65	30,08
1,147	22,65	30,08
1,147	22,65	30,08
1,146	22,65	30,08
1,146	22,65	30,08
1,147	22,65	30,08
1,146	22,65	30,08
1,147	22,65	30,08
1,147	22,65	30,08
1,147	22,65	30,08
1,148	22,65	30,08
1,148	22,65	30,08
1,144	22,65	30,08
1,147	22,65	30,08
1,145	22,65	30,08
1,146	22,65	30,08
1,147	22,65	30,08
1,146	22,65	30,08
1,147	22,65	30,08
1,146	22,65	30,08
1,147	22,65	30,08
1,147	22,65	30,08
1,147	22,65	30,08
1,147	22,65	30,08
1,146	22,65	30,08
1,147	22,65	30,08
1,146	22,65	30,08
1,146	22,65	30,08
1,147	22,65	30,08
1,147	22,65	30,08
1,145	22,65	30,08
1,145	22,65	30,08
1,147	22,65	30,08
1,146	22,65	30,08
1,145	22,65	30,08
1,146	22,65	30,08
1,145	22,65	30,08
1,146	22,65	30,08
1,146	22,65	30,08
1,147	22,65	30,08
1,147	22,65	30,08
1,148	22,65	30,08
1,148	22,65	30,08
1,148	22,65	30,08
1,146	22,65	30,08
1,145	22,65	30,08
1,147	22,65	30,08
1,146	22,65	30,08
1,146	22,65	30,08
1,147	22,65	30,08
1,146	22,65	30,08
1,146	22,65	30,08
1,146	22,65	30,08
1,147	22,65	30,08
1,145	22,65	30,08
1,147	22,65	30,08
1,146	22,65	30,08
1,146	22,65	30,08
1,146	22,65	30,08
1,146	22,65	30,08
1,146	22,65	30,08
