0.943396	22.5	0.05	
0.942507	22.49	0.05	
0.942507	22.49	0.05	
0.94162	22.46	0.05	
0.943396	22.46	0.05	
0.940734	22.45	0.05	
0.94162	22.45	0.05	
0.942507	22.44	0.05	
0.93985	22.44	0.05	
0.93985	22.44	0.05	
0.94162	22.44	0.05	
0.938086	22.44	0.05	
0.938967	22.44	0.05	
0.938086	22.44	0.05	
0.938967	22.45	0.05	
0.938086	22.43	0.05	
0.938967	22.41	0.05	
0.938967	22.41	0.05	
0.937207	22.41	0.05	
0.937207	22.41	0.05	
0.937207	22.41	0.05	
0.938967	22.41	0.05	
0.937207	22.4	0.05	
0.938086	22.39	0.05	
0.937207	22.38	0.05	
0.938086	22.36	0.05	
0.935454	22.34	0.05	
0.935454	22.32	0.05	
0.937207	22.35	0.05	
0.93633	22.35	0.05	
0.934579	22.34	0.05	
0.934579	22.34	0.05	
0.934579	22.3	0.05	
0.934579	22.3	0.05	
0.932836	22.29	0.05	
0.933707	22.28	0.05	
0.932836	22.32	0.05	
0.931966	22.31	0.05	
0.933707	22.3	0.05	
0.931966	22.3	0.05	
0.930233	22.3	0.05	
0.932836	22.27	0.05	
0.932836	22.26	0.05	
0.930233	22.25	0.05	
0.931099	22.25	0.05	
0.928505	22.23	0.05	
0.929368	22.22	0.05	
0.927644	22.21	0.05	
0.929368	22.22	0.05	
0.928505	22.22	0.05	
0.927644	22.2	0.05	
0.925926	22.2	0.05	
0.926784	22.17	0.05	
0.926784	22.18	0.05	
0.926784	22.16	0.05	
0.925926	22.13	0.05	
0.926784	22.1	0.05	
0.926784	22.09	0.05	
0.924214	22.09	0.05	
0.925069	22.06	0.05	
0.924214	22.06	0.05	
0.925069	22.05	0.05	
0.925926	22.01	0.05	
0.923361	22	0.05	
0.923361	22.03	0.05	
0.924214	22	0.05	
0.923361	22.01	0.05	
0.924214	22.01	0.05	
0.923361	22.01	0.05	
0.923361	21.99	0.05	
0.921659	21.99	0.05	
0.922509	21.98	0.05	
0.922509	21.99	0.05	
0.922509	21.98	0.05	
0.921659	21.98	0.05	
0.922509	21.96	0.05	
0.922509	21.92	0.05	
0.921659	21.89	0.05	
0.92081	21.91	0.05	
0.922509	21.91	0.05	
0.921659	21.94	0.05	
0.92081	21.88	0.05	
0.92081	21.87	0.05	
0.921659	21.86	0.05	
0.919118	21.87	0.05	
0.92081	21.87	0.05	
0.919118	21.87	0.05	
0.919118	21.86	0.05	
0.919118	21.84	0.05	
0.918274	21.82	0.05	
0.91659	21.82	0.05	
0.917431	21.82	0.05	
0.919118	21.82	0.05	
0.918274	21.81	0.05	
0.919118	21.79	0.05	
0.918274	21.78	0.05	
0.91659	21.75	0.05	
0.91659	21.72	0.05	
0.915751	21.68	0.05	
0.914077	21.59	0.05	
0.915751	21.57	0.05	
0.915751	21.65	0.05	
0.913242	21.68	0.05	
0.913242	21.69	0.05	
0.915751	21.71	0.05	
0.914077	21.73	0.05	
0.914913	21.75	0.05	
0.915751	21.78	0.05	
0.913242	21.79	0.05	
0.914077	21.79	0.05	
0.913242	21.8	0.05	
0.913242	21.79	0.05	
0.912409	21.79	0.05	
0.913242	21.77	0.05	
0.914913	21.78	0.05	
0.913242	21.75	0.05	
0.910747	21.74	0.05	
0.911577	21.73	0.05	
0.911577	21.7	0.05	
0.912409	21.7	0.05	
0.911577	21.74	0.05	
0.911577	21.74	0.05	
0.909918	21.71	0.05	
0.911577	21.69	0.05	
0.909918	21.7	0.05	
0.909918	21.7	0.05	
0.910747	21.7	0.05	
0.907441	21.67	0.05	
0.909918	21.67	0.05	
0.909091	21.68	0.05	
0.909091	21.69	0.05	
0.909091	21.66	0.05	
0.909918	21.63	0.05	
0.909091	21.66	0.05	
0.906618	21.64	0.05	
0.905797	21.61	0.05	
0.909091	21.59	0.05	
0.907441	21.57	0.05	
0.905797	21.59	0.05	
0.906618	21.6	0.05	
0.905797	21.61	0.05	
0.905797	21.57	0.05	
0.907441	21.54	0.05	
0.905797	21.55	0.05	
0.903342	21.53	0.05	
0.904977	21.51	0.05	
0.904159	21.51	0.05	
0.904977	21.51	0.05	
0.904159	21.49	0.05	
0.903342	21.5	0.05	
0.901713	21.5	0.05	
0.903342	21.48	0.05	
0.903342	21.48	0.05	
0.903342	21.46	0.05	
0.903342	21.46	0.05	
0.902527	21.47	0.05	
0.900901	21.47	0.05	
0.901713	21.43	0.05	
0.901713	21.38	0.05	
0.901713	21.39	0.05	
0.902527	21.39	0.05	
0.901713	21.4	0.05	
0.900901	21.39	0.05	
0.901713	21.37	0.05	
0.899281	21.37	0.05	
0.898473	21.38	0.05	
0.899281	21.36	0.05	
0.897666	21.34	0.05	
0.897666	21.34	0.05	
0.896861	21.34	0.05	
0.898473	21.34	0.05	
0.897666	21.34	0.05	
0.896861	21.33	0.05	
0.896861	21.34	0.05	
0.895255	21.32	0.05	
0.896861	21.31	0.05	
0.897666	21.29	0.05	
0.895255	21.28	0.05	
0.895255	21.25	0.05	
0.895255	21.24	0.05	
0.895255	21.24	0.05	
0.893655	21.25	0.05	
0.894454	21.25	0.05	
0.892857	21.24	0.05	
0.893655	21.24	0.05	
0.892857	21.24	0.05	
0.893655	21.22	0.05	
0.894454	21.2	0.05	
0.892061	21.18	0.05	
0.891266	21.18	0.05	
0.891266	21.17	0.05	
0.892061	21.15	0.05	
0.891266	21.14	0.05	
0.88968	21.15	0.05	
0.891266	21.14	0.05	
0.888099	21.15	0.05	
0.88968	21.12	0.05	
0.888099	21.09	0.05	
0.887311	21.1	0.05	
0.888099	21.08	0.05	
0.888099	21.08	0.05	
0.887311	21.04	0.05	
0.886525	21.03	0.05	
0.887311	21.03	0.05	
0.88574	21.02	0.05	
0.88574	21.03	0.05	
0.88574	21.02	0.05	
0.884956	20.96	0.05	
0.884173	20.93	0.05	
0.884956	20.96	0.05	
0.88574	20.95	0.05	
0.884173	20.92	0.05	
0.884956	20.94	0.05	
0.883392	20.93	0.05	
0.882613	20.93	0.05	
0.882613	20.93	0.05	
0.881834	20.93	0.05	
0.881834	20.94	0.05	
0.882613	20.93	0.05	
0.882613	20.93	0.05	
0.881834	20.9	0.05	
0.880282	20.88	0.05	
0.881834	20.83	0.05	
0.881057	20.84	0.05	
0.879507	20.85	0.05	
0.880282	20.85	0.05	
0.878735	20.86	0.05	
0.877963	20.87	0.05	
0.877193	20.84	0.05	
0.875657	20.78	0.05	
0.876424	20.79	0.05	
0.877963	20.79	0.05	
0.876424	20.78	0.05	
0.876424	20.79	0.05	
0.876424	20.79	0.05	
0.875657	20.73	0.05	
0.874891	20.7	0.05	
0.874126	20.72	0.05	
0.874891	20.67	0.05	
0.874126	20.67	0.05	
0.87184	20.67	0.05	
0.87184	20.7	0.05	
0.87108	20.69	0.05	
0.8726	20.68	0.05	
0.873362	20.69	0.05	
0.87184	20.7	0.05	
0.87184	20.7	0.05	
0.87108	20.66	0.05	
0.87184	20.61	0.05	
0.87108	20.6	0.05	
0.87108	20.6	0.05	
0.870322	20.56	0.05	
0.870322	20.55	0.05	
0.870322	20.54	0.05	
0.869565	20.53	0.05	
0.869565	20.51	0.05	
0.868056	20.5	0.05	
0.86881	20.48	0.05	
0.867303	20.47	0.05	
0.86881	20.44	0.05	
0.867303	20.45	0.05	
0.867303	20.43	0.05	
0.867303	20.45	0.05	
0.867303	20.46	0.05	
0.867303	20.44	0.05	
0.865052	20.43	0.05	
0.866551	20.44	0.05	
0.863558	20.44	0.05	
0.865801	20.42	0.05	
0.865052	20.42	0.05	
0.865052	20.38	0.05	
0.863558	20.33	0.05	
0.862813	20.34	0.05	
0.862069	20.36	0.05	
0.862069	20.36	0.05	
0.860585	20.33	0.05	
0.860585	20.33	0.05	
0.859845	20.33	0.05	
0.859845	20.31	0.05	
0.859845	20.3	0.05	
0.859845	20.27	0.05	
0.859845	20.29	0.05	
0.859107	20.3	0.05	
0.858369	20.3	0.05	
0.856898	20.28	0.05	
0.856898	20.27	0.05	
0.857633	20.23	0.05	
0.856898	20.23	0.05	
0.856164	20.2	0.05	
0.854701	20.19	0.05	
0.856164	20.17	0.05	
0.853242	20.17	0.05	
0.853971	20.15	0.05	
0.853971	20.13	0.05	
0.853242	20.12	0.05	
0.85034	20.09	0.05	
0.852515	20.1	0.05	
0.851789	20.09	0.05	
0.851064	20.07	0.05	
0.851789	20.08	0.05	
0.85034	20.06	0.05	
0.852515	20.05	0.05	
0.851064	20.07	0.05	
0.849618	20.06	0.05	
0.849618	20.02	0.05	
0.849618	20.03	0.05	
0.848896	20.03	0.05	
0.848896	20.02	0.05	
0.848176	20.02	0.05	
0.848896	20.02	0.05	
0.848176	20.02	0.05	
0.847458	20.02	0.05	
0.847458	20.02	0.05	
0.84674	20.01	0.05	
0.848176	19.99	0.05	
0.843882	19.96	0.05	
0.845309	19.97	0.05	
0.843882	19.95	0.05	
0.844595	19.92	0.05	
0.844595	19.89	0.05	
0.84246	19.88	0.05	
0.843882	19.87	0.05	
0.84317	19.87	0.05	
0.84317	19.88	0.05	
0.84246	19.89	0.05	
0.84246	19.9	0.05	
0.838926	19.89	0.05	
0.841751	19.87	0.05	
0.840336	19.86	0.05	
0.841043	19.85	0.05	
0.841751	19.85	0.05	
0.841043	19.84	0.05	
0.839631	19.84	0.05	
0.840336	19.83	0.05	
0.840336	19.78	0.05	
0.838926	19.78	0.05	
0.838926	19.79	0.05	
0.838926	19.78	0.05	
0.837521	19.77	0.05	
0.838223	19.79	0.05	
0.838926	19.8	0.05	
0.837521	19.78	0.05	
0.838223	19.75	0.05	
0.83682	19.72	0.05	
0.837521	19.72	0.05	
0.835422	19.66	0.05	
0.835422	19.7	0.05	
0.834028	19.72	0.05	
0.833333	19.64	0.05	
0.834028	19.61	0.05	
0.834028	19.6	0.05	
0.832639	19.58	0.05	
0.831947	19.58	0.05	
0.832639	19.58	0.05	
0.832639	19.58	0.05	
0.831255	19.57	0.05	
0.831947	19.56	0.05	
0.831255	19.55	0.05	
0.831255	19.53	0.05	
0.830565	19.53	0.05	
0.830565	19.53	0.05	
0.829187	19.54	0.05	
0.829876	19.54	0.05	
0.831255	19.54	0.05	
0.830565	19.53	0.05	
0.829876	19.52	0.05	
0.830565	19.51	0.05	
0.827815	19.51	0.05	
0.829876	19.49	0.05	
0.827815	19.47	0.05	
0.827815	19.47	0.05	
0.825764	19.45	0.05	
0.826446	19.42	0.05	
0.824402	19.37	0.05	
0.825764	19.38	0.05	
0.823723	19.38	0.05	
0.823723	19.37	0.05	
0.824402	19.35	0.05	
0.823045	19.38	0.05	
0.823045	19.37	0.05	
0.821693	19.35	0.05	
0.822368	19.31	0.05	
0.822368	19.32	0.05	
0.821693	19.33	0.05	
0.819672	19.3	0.05	
0.820345	19.32	0.05	
0.820345	19.31	0.05	
0.820345	19.28	0.05	
0.818331	19.27	0.05	
0.817661	19.25	0.05	
0.817661	19.24	0.05	
0.816993	19.22	0.05	
0.818331	19.21	0.05	
0.818331	19.21	0.05	
0.816327	19.2	0.05	
0.816327	19.2	0.05	
0.817661	19.17	0.05	
0.814996	19.15	0.05	
0.814332	19.15	0.05	
0.814332	19.13	0.05	
0.814996	19.14	0.05	
0.81367	19.14	0.05	
0.81367	19.13	0.05	
0.814332	19.13	0.05	
0.812348	19.14	0.05	
0.813008	19.13	0.05	
0.813008	19.11	0.05	
0.813008	19.09	0.05	
0.813008	19.09	0.05	
0.812348	19.07	0.05	
0.812348	19.06	0.05	
0.811688	19.08	0.05	
0.812348	19.08	0.05	
0.810373	19.07	0.05	
0.810373	19.05	0.05	
0.809717	19.03	0.05	
0.809717	19.01	0.05	
0.809061	19.01	0.05	
0.809717	18.98	0.05	
0.807754	18.94	0.05	
0.805802	18.92	0.05	
0.805153	18.94	0.05	
0.805802	18.95	0.05	
0.805802	18.95	0.05	
0.805802	18.96	0.05	
0.805802	18.95	0.05	
0.805153	18.95	0.05	
0.805802	18.94	0.05	
0.804505	18.93	0.05	
0.805153	18.9	0.05	
0.803859	18.88	0.05	
0.803859	18.89	0.05	
0.803213	18.91	0.05	
0.804505	18.9	0.05	
0.803213	18.9	0.05	
0.801282	18.88	0.05	
0.8	18.88	0.05	
0.8	18.88	0.05	
0.801282	18.86	0.05	
0.799361	18.85	0.05	
0.8	18.84	0.05	
0.801282	18.84	0.05	
0.8	18.84	0.05	
0.8	18.83	0.05	
0.8	18.84	0.05	
0.8	18.82	0.05	
0.798722	18.81	0.05	
0.798085	18.8	0.05	
0.798085	18.78	0.06	
0.797448	18.77	0.05	
0.798085	18.77	0.05	
0.796813	18.74	0.05	
0.797448	18.74	0.05	
0.796178	18.74	0.05	
0.796178	18.75	0.06	
0.794913	18.72	0.06	
0.795545	18.7	0.06	
0.794281	18.68	0.06	
0.794281	18.64	0.05	
0.794281	18.63	0.05	
0.793651	18.62	0.05	
0.793021	18.6	0.06	
0.791766	18.58	0.06	
0.792393	18.57	0.05	
0.791139	18.55	0.06	
0.790514	18.55	0.05	
0.788644	18.56	0.05	
0.788644	18.55	0.06	
0.788022	18.55	0.06	
0.789266	18.48	0.05	
0.786782	18.43	0.06	
0.786164	18.47	0.05	
0.787402	18.5	0.06	
0.786782	18.5	0.06	
0.786782	18.51	0.06	
0.786782	18.49	0.06	
0.786782	18.47	0.06	
0.784929	18.44	0.06	
0.785546	18.43	0.06	
0.783699	18.43	0.05	
0.784929	18.42	0.06	
0.784314	18.42	0.06	
0.783085	18.41	0.06	
0.781861	18.41	0.06	
0.782473	18.4	0.06	
0.782473	18.39	0.06	
0.78125	18.39	0.06	
0.78125	18.39	0.06	
0.781861	18.39	0.06	
0.780031	18.39	0.06	
0.780031	18.38	0.06	
0.779423	18.37	0.06	
0.780031	18.37	0.06	
0.778816	18.37	0.06	
0.778816	18.37	0.06	
0.778816	18.37	0.06	
0.777001	18.36	0.06	
0.77821	18.36	0.06	
0.777605	18.36	0.06	
0.77821	18.35	0.06	
0.776398	18.34	0.06	
0.775795	18.33	0.06	
0.774593	18.31	0.06	
0.775194	18.31	0.06	
0.773994	18.31	0.06	
0.774593	18.3	0.06	
0.773994	18.28	0.06	
0.773395	18.26	0.06	
0.773395	18.27	0.06	
0.773395	18.26	0.06	
0.772201	18.24	0.06	
0.772798	18.2	0.06	
0.771605	18.18	0.06	
0.770416	18.16	0.06	
0.770416	18.15	0.06	
0.770416	18.13	0.06	
0.76864	18.12	0.06	
0.76864	18.1	0.06	
0.76746	18.09	0.06	
0.768049	18.09	0.06	
0.768049	18.07	0.06	
0.768049	18.05	0.06	
0.76746	18.05	0.06	
0.76746	18.05	0.06	
0.76746	18.04	0.06	
0.766871	18.02	0.06	
0.766871	18.01	0.06	
0.766871	18.01	0.06	
0.765697	17.99	0.06	
0.766284	17.96	0.06	
0.765111	17.94	0.06	
0.763942	17.92	0.06	
0.763942	17.92	0.06	
0.764526	17.91	0.06	
0.763942	17.9	0.06	
0.763359	17.88	0.06	
0.763942	17.86	0.06	
0.762195	17.84	0.06	
0.762777	17.82	0.06	
0.762195	17.81	0.06	
0.761615	17.8	0.06	
0.761035	17.78	0.06	
0.759878	17.77	0.06	
0.761035	17.76	0.06	
0.759301	17.75	0.06	
0.759878	17.73	0.06	
0.759301	17.73	0.06	
0.758725	17.72	0.06	
0.758725	17.72	0.06	
0.757576	17.72	0.06	
0.757576	17.71	0.06	
0.757576	17.7	0.06	
0.75643	17.69	0.06	
0.75643	17.68	0.06	
0.75643	17.68	0.06	
0.75643	17.67	0.06	
0.755858	17.65	0.06	
0.754148	17.64	0.06	
0.755287	17.64	0.06	
0.752445	17.64	0.06	
0.753012	17.6	0.06	
0.75188	17.58	0.06	
0.750188	17.57	0.06	
0.750188	17.55	0.06	
0.751315	17.54	0.06	
0.749625	17.54	0.06	
0.750188	17.54	0.06	
0.749625	17.53	0.06	
0.749064	17.53	0.06	
0.748503	17.52	0.06	
0.749064	17.51	0.06	
0.747384	17.5	0.06	
0.747384	17.5	0.06	
0.749064	17.49	0.06	
0.747384	17.49	0.06	
0.747943	17.48	0.06	
0.746826	17.47	0.06	
0.747384	17.46	0.06	
0.746826	17.45	0.06	
0.746826	17.43	0.06	
0.745156	17.43	0.06	
0.745156	17.41	0.06	
0.745156	17.4	0.06	
0.746269	17.39	0.06	
0.744048	17.39	0.06	
0.744048	17.37	0.06	
0.744048	17.36	0.06	
0.744048	17.35	0.06	
0.74239	17.33	0.06	
0.743494	17.32	0.06	
0.74239	17.32	0.06	
0.74129	17.31	0.06	
0.74184	17.3	0.06	
0.74184	17.29	0.06	
0.74184	17.28	0.06	
0.740741	17.27	0.06	
0.740741	17.26	0.06	
0.739645	17.25	0.06	
0.738552	17.24	0.06	
0.738552	17.23	0.06	
0.738552	17.22	0.06	
0.738007	17.21	0.06	
0.738552	17.2	0.06	
0.738007	17.19	0.06	
0.73692	17.17	0.06	
0.73692	17.17	0.06	
0.735835	17.16	0.06	
0.735294	17.15	0.06	
0.734214	17.13	0.06	
0.733676	17.12	0.06	
0.732601	17.12	0.06	
0.733676	17.11	0.06	
0.733138	17.1	0.06	
0.732601	17.1	0.06	
0.732601	17.1	0.06	
0.732064	17.09	0.06	
0.731529	17.08	0.06	
0.730994	17.07	0.06	
0.730994	17.06	0.06	
0.73046	17.05	0.06	
0.73046	17.04	0.06	
0.729927	17.03	0.06	
0.729395	17.02	0.06	
0.729395	17.02	0.06	
0.729395	17.01	0.06	
0.728863	16.99	0.06	
0.727273	16.98	0.06	
0.726216	16.96	0.06	
0.726744	16.94	0.06	
0.726216	16.92	0.06	
0.725163	16.92	0.06	
0.725689	16.92	0.06	
0.725163	16.91	0.06	
0.724638	16.91	0.06	
0.726216	16.89	0.06	
0.724638	16.88	0.06	
0.726216	16.87	0.06	
0.723066	16.87	0.06	
0.724113	16.85	0.06	
0.724113	16.84	0.06	
0.722543	16.83	0.06	
0.722543	16.82	0.06	
0.723066	16.81	0.06	
0.723066	16.81	0.06	
0.722022	16.8	0.06	
0.721501	16.79	0.06	
0.721501	16.79	0.06	
0.722022	16.78	0.06	
0.720981	16.77	0.06	
0.720981	16.75	0.06	
0.719424	16.74	0.06	
0.719424	16.74	0.06	
0.719942	16.74	0.06	
0.719942	16.73	0.06	
0.719424	16.73	0.06	
0.718391	16.72	0.06	
0.717875	16.7	0.06	
0.717875	16.7	0.06	
0.71582	16.67	0.06	
0.716846	16.66	0.06	
0.716332	16.65	0.06	
0.71582	16.66	0.06	
0.714796	16.64	0.06	
0.714286	16.63	0.06	
0.714286	16.62	0.06	
0.713776	16.61	0.06	
0.712758	16.61	0.06	
0.712251	16.59	0.06	
0.712758	16.58	0.06	
0.712251	16.57	0.06	
0.711744	16.57	0.06	
0.710732	16.56	0.06	
0.711744	16.55	0.06	
0.710732	16.54	0.06	
0.710227	16.52	0.06	
0.710227	16.51	0.06	
0.710732	16.5	0.06	
0.708717	16.49	0.06	
0.710227	16.48	0.06	
0.709723	16.47	0.06	
0.708215	16.46	0.06	
0.708717	16.44	0.06	
0.708717	16.43	0.06	
0.707214	16.43	0.06	
0.707214	16.42	0.06	
0.707714	16.41	0.06	
0.706714	16.41	0.06	
0.706215	16.4	0.06	
0.706714	16.39	0.06	
0.707214	16.37	0.06	
0.704722	16.36	0.06	
0.705716	16.36	0.06	
0.704225	16.34	0.06	
0.704225	16.33	0.06	
0.704722	16.32	0.06	
0.703235	16.32	0.06	
0.702741	16.31	0.06	
0.702741	16.3	0.06	
0.702741	16.29	0.06	
0.703235	16.29	0.06	
0.702247	16.28	0.06	
0.702247	16.28	0.06	
0.701754	16.27	0.06	
0.702247	16.26	0.06	
0.701754	16.25	0.06	
0.701262	16.25	0.06	
0.701754	16.25	0.06	
0.700771	16.24	0.06	
0.700771	16.24	0.06	
0.70028	16.23	0.06	
0.700771	16.23	0.06	
0.70028	16.21	0.06	
0.699301	16.21	0.06	
0.699301	16.21	0.06	
0.698324	16.2	0.06	
0.69735	16.19	0.06	
0.69735	16.18	0.06	
0.698324	16.18	0.06	
0.69735	16.18	0.06	
0.696379	16.17	0.06	
0.696864	16.16	0.06	
0.69735	16.16	0.06	
0.696379	16.15	0.06	
0.696864	16.15	0.06	
0.696379	16.14	0.06	
0.695894	16.14	0.06	
0.695894	16.13	0.06	
0.693963	16.12	0.06	
0.694444	16.12	0.06	
0.693963	16.12	0.06	
0.694444	16.1	0.06	
0.694444	16.1	0.06	
0.694444	16.09	0.06	
0.693963	16.07	0.06	
0.693963	16.06	0.06	
0.693963	16.06	0.06	
0.693481	16.06	0.06	
0.693001	16.06	0.06	
0.692042	16.04	0.06	
0.692042	16.04	0.06	
0.691563	16.03	0.06	
0.692042	16.03	0.06	
0.691085	16.01	0.06	
0.691563	16	0.06	
0.690608	15.99	0.06	
0.691085	15.99	0.06	
0.690608	15.98	0.06	
0.690131	15.97	0.06	
0.68918	15.96	0.06	
0.689655	15.95	0.06	
0.68918	15.94	0.06	
0.68918	15.94	0.06	
0.688231	15.93	0.06	
0.68918	15.93	0.06	
0.688231	15.92	0.06	
0.688231	15.92	0.06	
0.687758	15.92	0.06	
0.688705	15.91	0.06	
0.687758	15.9	0.06	
0.687758	15.9	0.06	
0.687758	15.9	0.06	
0.686813	15.89	0.06	
0.686342	15.88	0.06	
0.686813	15.87	0.06	
0.686813	15.87	0.06	
0.684932	15.86	0.06	
0.685871	15.85	0.06	
0.685401	15.85	0.06	
0.684932	15.85	0.06	
0.683995	15.84	0.06	
0.684932	15.84	0.06	
0.684932	15.84	0.06	
0.684463	15.83	0.06	
0.68306	15.82	0.06	
0.684463	15.82	0.06	
0.68306	15.82	0.06	
0.682594	15.82	0.06	
0.68306	15.81	0.06	
0.68306	15.8	0.06	
0.682594	15.8	0.06	
0.68306	15.8	0.06	
0.68306	15.79	0.06	
0.68306	15.79	0.06	
0.682128	15.79	0.06	
0.682128	15.77	0.06	
0.681663	15.76	0.06	
0.680272	15.75	0.06	
0.680735	15.75	0.06	
0.680735	15.75	0.06	
0.681663	15.75	0.06	
0.680735	15.74	0.06	
0.680735	15.74	0.06	
0.680272	15.74	0.06	
0.680272	15.74	0.06	
0.67981	15.74	0.06	
0.680735	15.74	0.06	
0.67981	15.73	0.06	
0.67981	15.73	0.06	
0.678887	15.73	0.06	
0.678426	15.73	0.06	
0.678887	15.72	0.06	
0.677507	15.7	0.06	
0.677507	15.69	0.06	
0.677507	15.69	0.06	
0.677966	15.67	0.06	
0.677048	15.66	0.06	
0.677048	15.65	0.06	
0.676133	15.65	0.06	
0.676133	15.64	0.06	
0.676133	15.63	0.06	
0.674764	15.63	0.06	
0.675219	15.63	0.06	
0.674764	15.62	0.06	
0.674764	15.61	0.06	
0.674764	15.58	0.06	
0.672495	15.57	0.06	
0.672948	15.57	0.06	
0.672948	15.55	0.06	
0.673401	15.54	0.06	
0.672495	15.52	0.06	
0.671592	15.52	0.06	
0.672495	15.51	0.06	
0.671141	15.5	0.06	
0.670691	15.48	0.06	
0.670241	15.47	0.06	
0.670241	15.47	0.06	
0.670241	15.46	0.06	
0.669792	15.46	0.06	
0.669792	15.45	0.06	
0.669344	15.44	0.06	
0.668896	15.44	0.06	
0.668449	15.43	0.06	
0.668449	15.43	0.06	
0.668003	15.42	0.06	
0.667557	15.4	0.06	
0.667111	15.39	0.06	
0.668003	15.39	0.06	
0.667557	15.38	0.06	
0.666223	15.38	0.06	
0.666223	15.38	0.06	
0.666667	15.37	0.06	
0.666223	15.37	0.06	
0.666667	15.36	0.06	
0.665336	15.36	0.06	
0.665779	15.35	0.06	
0.665336	15.35	0.06	
0.665336	15.34	0.06	
0.664894	15.34	0.06	
0.665336	15.33	0.06	
0.664894	15.32	0.06	
0.664894	15.32	0.06	
0.664011	15.31	0.06	
0.66357	15.3	0.06	
0.66357	15.29	0.06	
0.66313	15.28	0.06	
0.662691	15.28	0.06	
0.662691	15.27	0.06	
0.662252	15.26	0.06	
0.661813	15.26	0.06	
0.661376	15.23	0.06	
0.660939	15.23	0.06	
0.660066	15.23	0.06	
0.660066	15.23	0.06	
0.660502	15.22	0.06	
0.659196	15.21	0.06	
0.659631	15.2	0.06	
0.658328	15.19	0.06	
0.658328	15.18	0.06	
0.658762	15.17	0.06	
0.657895	15.16	0.06	
0.65703	15.15	0.06	
0.657462	15.13	0.06	
0.65703	15.12	0.06	
0.656599	15.12	0.06	
0.656168	15.1	0.06	
0.656599	15.09	0.06	
0.654879	15.08	0.06	
0.654879	15.07	0.06	
0.654022	15.06	0.06	
0.653595	15.04	0.06	
0.654022	15.03	0.06	
0.653595	15.02	0.06	
0.652316	15.02	0.06	
0.652742	15.02	0.06	
0.652742	15.01	0.06	
0.65189	14.99	0.06	
0.652316	14.98	0.06	
0.65189	14.97	0.06	
0.651466	14.96	0.06	
0.651042	14.96	0.06	
0.649773	14.95	0.06	
0.650195	14.94	0.06	
0.650195	14.94	0.06	
0.649773	14.92	0.06	
0.649773	14.91	0.06	
0.649351	14.91	0.06	
0.648929	14.9	0.06	
0.649351	14.9	0.06	
0.648088	14.89	0.06	
0.647668	14.88	0.06	
0.647249	14.88	0.06	
0.646831	14.87	0.06	
0.646831	14.86	0.06	
0.647249	14.85	0.06	
0.647668	14.85	0.06	
0.645995	14.84	0.06	
0.646412	14.84	0.06	
0.645995	14.83	0.06	
0.645161	14.82	0.06	
0.646412	14.82	0.06	
0.644745	14.81	0.06	
0.64433	14.81	0.06	
0.643501	14.8	0.06	
0.643087	14.8	0.06	
0.643915	14.78	0.06	
0.642261	14.77	0.06	
0.643087	14.78	0.06	
0.643501	14.77	0.06	
0.642674	14.76	0.06	
0.640615	14.76	0.06	
0.641849	14.76	0.06	
0.641849	14.74	0.06	
0.642261	14.74	0.06	
0.639795	14.73	0.06	
0.641026	14.72	0.06	
0.639795	14.71	0.06	
0.639795	14.7	0.06	
0.640205	14.68	0.06	
0.639386	14.67	0.06	
0.63857	14.67	0.06	
0.637755	14.66	0.06	
0.638162	14.64	0.06	
0.637349	14.63	0.06	
0.637349	14.62	0.06	
0.636943	14.61	0.06	
0.636537	14.6	0.06	
0.636943	14.59	0.06	
0.636132	14.58	0.06	
0.635728	14.57	0.06	
0.635324	14.55	0.06	
0.635324	14.54	0.06	
0.634518	14.54	0.06	
0.633714	14.52	0.06	
0.634115	14.52	0.06	
0.634115	14.51	0.06	
0.633312	14.51	0.06	
0.632911	14.5	0.06	
0.632911	14.48	0.06	
0.632111	14.47	0.06	
0.631712	14.46	0.06	
0.631313	14.46	0.06	
0.630915	14.46	0.06	
0.631313	14.44	0.06	
0.630915	14.44	0.06	
0.630517	14.44	0.06	
0.629723	14.43	0.06	
0.629723	14.43	0.06	
0.628536	14.41	0.06	
0.628536	14.4	0.06	
0.628536	14.38	0.06	
0.628536	14.37	0.06	
0.627746	14.36	0.06	
0.626959	14.36	0.06	
0.626566	14.35	0.06	
0.626566	14.34	0.06	
0.626566	14.33	0.06	
0.625782	14.33	0.06	
0.625391	14.32	0.06	
0.62461	14.3	0.06	
0.623441	14.28	0.06	
0.62383	14.28	0.06	
0.62383	14.28	0.06	
0.623441	14.26	0.06	
0.622278	14.24	0.06	
0.621891	14.22	0.06	
0.620732	14.22	0.06	
0.620732	14.2	0.06	
0.621504	14.2	0.06	
0.620347	14.19	0.06	
0.619963	14.18	0.06	
0.619579	14.17	0.06	
0.619195	14.16	0.06	
0.619195	14.15	0.06	
0.618812	14.15	0.06	
0.618812	14.14	0.06	
0.618812	14.12	0.06	
0.617665	14.11	0.06	
0.617284	14.11	0.06	
0.617284	14.08	0.06	
0.615385	14.07	0.06	
0.615385	14.06	0.06	
0.616143	14.05	0.06	
0.615764	14.05	0.06	
0.616143	14.05	0.06	
0.615385	14.04	0.06	
0.615006	14.04	0.06	
0.615006	14.03	0.06	
0.614251	14.02	0.06	
0.613497	14.01	0.06	
0.613874	14	0.06	
0.612745	13.99	0.06	
0.611621	13.98	0.06	
0.61237	13.98	0.06	
0.611247	13.96	0.06	
0.611247	13.96	0.06	
0.611247	13.95	0.06	
0.610874	13.95	0.06	
0.610874	13.94	0.06	
0.611621	13.93	0.06	
0.609756	13.92	0.06	
0.608643	13.9	0.06	
0.609756	13.89	0.06	
0.609385	13.88	0.06	
0.608273	13.88	0.06	
0.607903	13.87	0.06	
0.607533	13.86	0.06	
0.607533	13.86	0.06	
0.606796	13.85	0.06	
0.605694	13.83	0.06	
0.605327	13.83	0.06	
0.605694	13.82	0.06	
0.604961	13.81	0.06	
0.603136	13.79	0.06	
0.60423	13.79	0.06	
0.603136	13.77	0.06	
0.603136	13.77	0.06	
0.601323	13.75	0.06	
0.601685	13.73	0.06	
0.601323	13.71	0.06	
0.601685	13.71	0.06	
0.601685	13.71	0.06	
0.600962	13.7	0.06	
0.59988	13.69	0.06	
0.60024	13.68	0.06	
0.600601	13.68	0.06	
0.599161	13.67	0.06	
0.59988	13.66	0.06	
0.59952	13.65	0.06	
0.598802	13.63	0.06	
0.597729	13.62	0.06	
0.597372	13.6	0.06	
0.596659	13.58	0.06	
0.596303	13.57	0.06	
0.596303	13.57	0.06	
0.596303	13.56	0.06	
0.595948	13.55	0.06	
0.595593	13.55	0.06	
0.595238	13.55	0.06	
0.595948	13.55	0.06	
0.595238	13.55	0.06	
0.594884	13.54	0.06	
0.594177	13.54	0.06	
0.594177	13.53	0.06	
0.59453	13.53	0.06	
0.594884	13.52	0.06	
0.593472	13.51	0.06	
0.593824	13.51	0.06	
0.59312	13.5	0.06	
0.592417	13.5	0.06	
0.592417	13.49	0.06	
0.592768	13.48	0.06	
0.592768	13.47	0.06	
0.592066	13.47	0.06	
0.592066	13.46	0.06	
0.591366	13.46	0.06	
0.591017	13.46	0.06	
0.590319	13.44	0.06	
0.589623	13.41	0.06	
0.589275	13.39	0.06	
0.588235	13.39	0.06	
0.587889	13.38	0.06	
0.588582	13.39	0.06	
0.587889	13.38	0.06	
0.587544	13.38	0.06	
0.587889	13.36	0.06	
0.586854	13.35	0.06	
0.585823	13.35	0.06	
0.586166	13.33	0.06	
0.585823	13.32	0.06	
0.58548	13.31	0.06	
0.584795	13.3	0.06	
0.584454	13.29	0.06	
0.584454	13.28	0.06	
0.583431	13.27	0.06	
0.583771	13.25	0.06	
0.583431	13.25	0.06	
0.58309	13.24	0.06	
0.58309	13.23	0.06	
0.58309	13.23	0.06	
0.58309	13.23	0.06	
0.582072	13.2	0.06	
0.582072	13.2	0.06	
0.581734	13.19	0.06	
0.581395	13.18	0.06	
0.581058	13.18	0.06	
0.581395	13.18	0.06	
0.581395	13.18	0.06	
0.57971	13.15	0.06	
0.579374	13.14	0.06	
0.579039	13.13	0.06	
0.579039	13.12	0.06	
0.578369	13.1	0.06	
0.577367	13.1	0.06	
0.577034	13.09	0.06	
0.577367	13.09	0.06	
0.576701	13.08	0.06	
0.576369	13.06	0.06	
0.576037	13.06	0.06	
0.575043	13.05	0.06	
0.576369	13.05	0.06	
0.575705	13.05	0.06	
0.574713	13.03	0.06	
0.574713	13.02	0.06	
0.574053	13.02	0.06	
0.573723	13.01	0.06	
0.572738	13	0.06	
0.573394	12.99	0.06	
0.574053	12.98	0.06	
0.573066	12.98	0.06	
0.57241	12.96	0.06	
0.571755	12.95	0.06	
0.571429	12.95	0.06	
0.570776	12.94	0.06	
0.569801	12.91	0.06	
0.569801	12.9	0.06	
0.569476	12.88	0.06	
0.569152	12.88	0.06	
0.568828	12.88	0.06	
0.568505	12.87	0.06	
0.567859	12.87	0.06	
0.567859	12.85	0.06	
0.567537	12.83	0.06	
0.567215	12.82	0.06	
0.566893	12.82	0.06	
0.566572	12.81	0.06	
0.565291	12.81	0.06	
0.566251	12.79	0.06	
0.565291	12.79	0.06	
0.565291	12.78	0.06	
0.564972	12.77	0.06	
0.564972	12.76	0.06	
0.564334	12.74	0.06	
0.56338	12.72	0.06	
0.56338	12.71	0.06	
0.56243	12.7	0.06	
0.562114	12.69	0.06	
0.56243	12.69	0.06	
0.562114	12.69	0.06	
0.562114	12.69	0.06	
0.562114	12.69	0.06	
0.561798	12.67	0.06	
0.561482	12.67	0.06	
0.560538	12.66	0.06	
0.560224	12.65	0.06	
0.560224	12.65	0.07	
0.55991	12.63	0.07	
0.558971	12.61	0.06	
0.558659	12.61	0.06	
0.558659	12.6	0.06	
0.558036	12.59	0.06	
0.558036	12.58	0.06	
0.557724	12.57	0.07	
0.557103	12.56	0.07	
0.556793	12.56	0.07	
0.556174	12.55	0.06	
0.555864	12.55	0.07	
0.556174	12.54	0.06	
0.555247	12.53	0.07	
0.555247	12.52	0.07	
0.555247	12.52	0.07	
0.554324	12.5	0.07	
0.554017	12.49	0.07	
0.553403	12.47	0.07	
0.553097	12.46	0.07	
0.552792	12.45	0.07	
0.552181	12.43	0.07	
0.551572	12.43	0.07	
0.551876	12.43	0.07	
0.550358	12.42	0.07	
0.550964	12.41	0.07	
0.550964	12.41	0.07	
0.550358	12.4	0.07	
0.550055	12.39	0.07	
0.549753	12.38	0.07	
0.548546	12.38	0.07	
0.549149	12.37	0.07	
0.548246	12.35	0.07	
0.547345	12.35	0.07	
0.547645	12.33	0.06	
0.547345	12.33	0.07	
0.547345	12.32	0.07	
0.546747	12.31	0.07	
0.546448	12.3	0.07	
0.545852	12.3	0.07	
0.545852	12.27	0.07	
0.544662	12.26	0.06	
0.544959	12.25	0.06	
0.544662	12.24	0.06	
0.54407	12.23	0.06	
0.54407	12.21	0.06	
0.542888	12.21	0.06	
0.542299	12.2	0.06	
0.542888	12.2	0.06	
0.542594	12.19	0.06	
0.542299	12.17	0.06	
0.541126	12.15	0.06	
0.540833	12.14	0.07	
0.540541	12.13	0.06	
0.538793	12.1	0.06	
0.538503	12.09	0.06	
0.537924	12.08	0.06	
0.538213	12.08	0.06	
0.537634	12.07	0.06	
0.537346	12.05	0.06	
0.537057	12.05	0.06	
0.536193	12.03	0.06	
0.535332	12.01	0.06	
0.535045	11.99	0.06	
0.533618	11.96	0.06	
0.532765	11.95	0.06	
0.532481	11.95	0.06	
0.532198	11.95	0.06	
0.532198	11.93	0.06	
0.531915	11.93	0.06	
0.531067	11.92	0.07	
0.531632	11.92	0.06	
0.530786	11.91	0.06	
0.530504	11.9	0.06	
0.529661	11.88	0.06	
0.530223	11.88	0.06	
0.529942	11.87	0.06	
0.529381	11.87	0.06	
0.529661	11.87	0.06	
0.529101	11.86	0.07	
0.529101	11.85	0.06	
0.528262	11.83	0.06	
0.527704	11.83	0.06	
0.527148	11.82	0.06	
0.527426	11.81	0.07	
0.526593	11.8	0.06	
0.52687	11.79	0.06	
0.52687	11.79	0.06	
0.526039	11.79	0.06	
0.525762	11.78	0.07	
0.525486	11.76	0.06	
0.524659	11.73	0.06	
0.523834	11.72	0.06	
0.524109	11.71	0.06	
0.523013	11.71	0.06	
0.522466	11.69	0.06	
0.521921	11.68	0.06	
0.521105	11.67	0.07	
0.521376	11.66	0.06	
0.521105	11.65	0.07	
0.520291	11.65	0.06	
0.519751	11.63	0.07	
0.519211	11.62	0.06	
0.519211	11.61	0.07	
0.519751	11.61	0.07	
0.518672	11.6	0.07	
0.518403	11.6	0.07	
0.517866	11.59	0.07	
0.517866	11.58	0.07	
0.517598	11.58	0.07	
0.517063	11.58	0.07	
0.517063	11.56	0.07	
0.516796	11.56	0.07	
0.516529	11.56	0.07	
0.516262	11.55	0.07	
0.51573	11.55	0.07	
0.514403	11.51	0.07	
0.514139	11.5	0.07	
0.514139	11.5	0.07	
0.513084	11.49	0.07	
0.512295	11.48	0.07	
0.512821	11.47	0.07	
0.512558	11.46	0.07	
0.511771	11.45	0.07	
0.512295	11.44	0.07	
0.511509	11.44	0.07	
0.511247	11.44	0.07	
0.511247	11.43	0.07	
0.510725	11.42	0.07	
0.510725	11.42	0.07	
0.510204	11.41	0.07	
0.510204	11.4	0.07	
0.509424	11.39	0.07	
0.509424	11.37	0.07	
0.509165	11.36	0.07	
0.508388	11.35	0.07	
0.50813	11.34	0.07	
0.507357	11.32	0.07	
0.506329	11.31	0.07	
0.506329	11.28	0.07	
0.505817	11.28	0.07	
0.506073	11.28	0.07	
0.505561	11.28	0.07	
0.505051	11.26	0.07	
0.505051	11.25	0.07	
0.504032	11.22	0.07	
0.503018	11.21	0.07	
0.50226	11.2	0.07	
0.502513	11.19	0.07	
0.50226	11.19	0.07	
0.501756	11.17	0.07	
0.501253	11.16	0.07	
0.501253	11.15	0.07	
0.50025	11.13	0.07	
0.500751	11.13	0.07	
0.499251	11.12	0.07	
0.4995	11.12	0.07	
0.499251	11.11	0.07	
0.498753	11.1	0.07	
0.49776	11.09	0.07	
0.497018	11.06	0.07	
0.496771	11.06	0.07	
0.496032	11.06	0.07	
0.496771	11.06	0.07	
0.495786	11.05	0.07	
0.494805	11.03	0.07	
0.495295	11.03	0.07	
0.49505	11.02	0.07	
0.494805	11	0.07	
0.493583	10.99	0.07	
0.493097	10.97	0.07	
0.491884	10.95	0.07	
0.492368	10.94	0.07	
0.491884	10.93	0.07	
0.491642	10.92	0.07	
0.491642	10.91	0.07	
0.490677	10.9	0.07	
0.490196	10.86	0.07	
0.489956	10.85	0.07	
0.488998	10.83	0.07	
0.48852	10.83	0.07	
0.488043	10.82	0.07	
0.487567	10.8	0.07	
0.487092	10.79	0.07	
0.486381	10.78	0.07	
0.485909	10.77	0.07	
0.486381	10.76	0.07	
0.485673	10.75	0.07	
0.484731	10.72	0.07	
0.484731	10.71	0.07	
0.484262	10.71	0.07	
0.483559	10.7	0.07	
0.483559	10.7	0.07	
0.482859	10.69	0.07	
0.482625	10.69	0.07	
0.481928	10.68	0.07	
0.481696	10.66	0.07	
0.481928	10.66	0.07	
0.481	10.65	0.07	
0.480769	10.64	0.07	
0.481232	10.63	0.07	
0.480538	10.63	0.07	
0.480538	10.63	0.07	
0.480077	10.62	0.07	
0.480077	10.62	0.07	
0.480077	10.62	0.07	
0.480538	10.63	0.07	
0.479616	10.61	0.07	
0.479157	10.6	0.07	
0.478469	10.58	0.07	
0.477783	10.57	0.07	
0.477555	10.56	0.07	
0.476644	10.54	0.07	
0.475964	10.53	0.07	
0.475737	10.53	0.07	
0.475285	10.51	0.07	
0.474834	10.51	0.07	
0.474834	10.5	0.07	
0.474383	10.49	0.07	
0.474383	10.47	0.07	
0.473934	10.46	0.07	
0.473485	10.44	0.07	
0.473261	10.41	0.07	
0.472813	10.4	0.07	
0.471698	10.39	0.07	
0.471254	10.38	0.07	
0.471032	10.37	0.07	
0.470588	10.36	0.07	
0.470588	10.35	0.07	
0.470146	10.35	0.07	
0.469925	10.34	0.07	
0.469043	10.32	0.07	
0.468384	10.3	0.07	
0.467946	10.29	0.07	
0.46729	10.28	0.07	
0.46729	10.26	0.07	
0.466418	10.25	0.07	
0.466636	10.25	0.07	
0.465983	10.23	0.07	
0.465549	10.23	0.07	
0.465116	10.23	0.07	
0.464684	10.21	0.07	
0.464253	10.19	0.07	
0.463392	10.18	0.07	
0.463177	10.17	0.07	
0.463177	10.16	0.07	
0.462321	10.16	0.07	
0.462107	10.15	0.07	
0.461681	10.15	0.07	
0.460829	10.13	0.07	
0.459559	10.09	0.07	
0.459348	10.08	0.07	
0.459348	10.08	0.07	
0.458716	10.07	0.07	
0.458085	10.04	0.07	
0.457457	10.03	0.07	
0.456204	10.02	0.07	
0.456413	10.01	0.07	
0.455996	10	0.07	
0.455789	9.99	0.07	
0.455166	9.96	0.07	
0.454339	9.95	0.07	
0.454545	9.95	0.07	
0.453926	9.9	0.07	
0.453721	9.86	0.07	
0.452899	9.86	0.07	
0.452489	9.85	0.07	
0.452284	9.83	0.07	
0.451467	9.8	0.07	
0.450653	9.77	0.07	
0.449843	9.77	0.07	
0.449843	9.75	0.07	
0.449438	9.71	0.07	
0.448632	9.68	0.07	
0.448632	9.67	0.07	
0.448029	9.66	0.07	
0.447828	9.64	0.07	
0.447227	9.64	0.07	
0.447027	9.63	0.07	
0.446828	9.63	0.07	
0.44603	9.6	0.07	
0.445831	9.58	0.07	
0.445236	9.58	0.07	
0.44484	9.57	0.07	
0.444247	9.57	0.07	
0.443853	9.56	0.07	
0.443656	9.55	0.07	
0.442674	9.54	0.07	
0.441891	9.54	0.07	
0.441501	9.54	0.07	
0.441501	9.53	0.07	
0.440917	9.53	0.07	
0.440529	9.54	0.07	
0.439754	9.53	0.07	
0.439367	9.52	0.07	
0.439174	9.53	0.07	
0.438212	9.53	0.07	
0.437828	9.52	0.07	
0.437254	9.51	0.07	
0.436872	9.5	0.07	
0.4363	9.49	0.07	
0.43592	9.49	0.07	
0.43535	9.48	0.07	
0.434972	9.47	0.07	
0.434972	9.47	0.07	
0.434405	9.47	0.07	
0.434028	9.45	0.07	
0.433463	9.4	0.07	
0.4329	9.39	0.07	
0.432526	9.41	0.07	
0.431593	9.37	0.07	
0.430849	9.35	0.07	
0.430293	9.34	0.07	
0.429369	9.31	0.07	
0.428816	9.31	0.07	
0.428633	9.3	0.07	
0.428266	9.27	0.07	
0.428082	9.3	0.07	
0.42735	9.3	0.07	
0.42735	9.27	0.07	
0.426985	9.26	0.07	
0.426803	9.25	0.07	
0.426439	9.27	0.07	
0.426257	9.24	0.07	
0.425713	9.22	0.07	
0.424809	9.22	0.07	
0.424628	9.21	0.07	
0.423908	9.2	0.07	
0.423549	9.19	0.07	
0.423191	9.2	0.07	
0.421941	9.18	0.07	
0.422297	9.17	0.07	
0.422119	9.16	0.07	
0.42123	9.17	0.07	
0.420875	9.16	0.07	
0.420698	9.16	0.07	
0.419639	9.14	0.07	
0.418936	9.15	0.07	
0.418936	9.16	0.07	
0.41876	9.15	0.07	
0.41876	9.15	0.07	
0.41841	9.11	0.07	
0.417885	9.09	0.07	
0.417014	9.05	0.07	
0.417014	9.05	0.07	
0.41684	9.05	0.07	
0.4158	9.01	0.07	
0.41511	9.01	0.07	
0.41425	8.98	0.07	
0.413223	8.98	0.07	
0.412882	8.97	0.07	
0.412201	8.99	0.07	
0.411523	8.98	0.07	
0.410509	8.94	0.07	
0.4095	8.95	0.07	
0.408998	8.94	0.07	
0.408664	8.94	0.07	
0.408497	8.87	0.07	
0.407997	8.92	0.07	
0.407498	8.91	0.07	
0.407	8.87	0.07	
0.406009	8.84	0.07	
0.40568	8.83	0.07	
0.405186	8.83	0.07	
0.405022	8.86	0.07	
0.404858	8.84	0.07	
0.404367	8.82	0.07	
0.404367	8.78	0.07	
0.403714	8.7	0.07	
0.403063	8.79	0.07	
0.402414	8.76	0.07	
0.401929	8.69	0.07	
0.401445	8.72	0.07	
0.401284	8.71	0.07	
0.400802	8.69	0.07	
0.4	8.64	0.07	
0.399521	8.61	0.07	
0.398883	8.58	0.07	
0.398089	8.6	0.07	
0.397614	8.53	0.07	
0.397298	8.54	0.07	
0.396354	8.56	0.07	
0.39557	8.54	0.07	
0.394945	8.52	0.07	
0.394477	8.47	0.07	
0.393236	8.48	0.07	
0.392619	8.49	0.07	
0.39185	8.43	0.07	
0.391389	8.44	0.07	
0.39093	8.4	0.07	
0.39032	8.39	0.07	
0.390016	8.35	0.07	
0.389712	8.34	0.07	
0.389257	8.31	0.07	
0.388802	8.39	0.07	
0.387898	8.32	0.07	
0.387147	8.3	0.07	
0.38625	8.29	0.07	
0.385951	8.26	0.07	
0.3861	8.26	0.07	
0.385356	8.28	0.07	
0.384615	8.24	0.07	
0.38432	8.25	0.07	
0.384172	8.25	0.07	
0.383436	8.26	0.07	
0.382702	8.21	0.07	
0.381971	8.21	0.07	
0.381098	8.18	0.07	
0.380807	8.16	0.07	
0.380084	8.16	0.07	
0.379795	8.19	0.07	
0.379363	8.17	0.07	
0.379075	8.14	0.07	
0.379075	8.13	0.07	
0.377786	8.11	0.07	
0.376932	8.08	0.07	
0.375235	8	0.07	
0.373972	8.01	0.07	
0.373413	7.98	0.07	
0.372578	7.96	0.07	
0.372162	7.89	0.07	
0.371747	7.89	0.07	
0.371058	7.89	0.07	
0.370508	7.91	0.07	
0.370096	7.9	0.07	
0.369549	7.88	0.07	
0.369004	7.86	0.07	
0.367782	7.86	0.07	
0.367242	7.84	0.07	
0.366032	7.84	0.07	
0.36523	7.84	0.07	
0.36483	7.81	0.07	
0.364431	7.78	0.07	
0.363636	7.78	0.07	
0.36324	7.71	0.07	
0.36245	7.72	0.07	
0.361795	7.66	0.07	
0.361533	7.65	0.07	
0.361272	7.63	0.07	
0.361011	7.63	0.07	
0.36075	7.62	0.07	
0.360881	7.63	0.07	
0.360881	7.67	0.07	
0.359971	7.62	0.07	
0.359583	7.64	0.07	
0.358423	7.58	0.07	
0.358038	7.58	0.07	
0.357015	7.51	0.07	
0.355999	7.51	0.07	
0.354988	7.48	0.07	
0.354484	7.48	0.07	
0.353482	7.47	0.07	
0.352734	7.47	0.07	
0.352361	7.43	0.07	
0.351617	7.47	0.07	
0.351124	7.41	0.07	
0.350385	7.38	0.07	
0.349284	7.41	0.07	
0.348675	7.42	0.07	
0.348189	7.37	0.07	
0.347705	7.37	0.07	
0.346861	7.36	0.07	
0.3465	7.33	0.07	
0.346021	7.33	0.07	
0.346021	7.28	0.07	
0.345543	7.28	0.07	
0.344947	7.33	0.07	
0.344234	7.28	0.07	
0.343525	7.34	0.07	
0.342936	7.26	0.07	
0.342583	7.28	0.07	
0.342349	7.23	0.07	
0.341763	7.25	0.07	
0.341413	7.2	0.07	
0.340716	7.17	0.07	
0.340368	7.15	0.07	
0.339905	7.14	0.07	
0.339213	7.21	0.07	
0.338409	7.15	0.07	
0.337724	7.09	0.07	
0.337041	7.05	0.07	
0.336361	7.03	0.07	
0.335683	7.02	0.07	
0.335233	6.99	0.07	
0.335008	6.97	0.07	
0.334336	6.97	0.07	
0.33389	6.94	0.07	
0.333556	6.95	0.07	
0.333111	6.93	0.07	
0.332447	6.95	0.07	
0.332116	6.96	0.07	
0.331126	6.9	0.07	
0.330033	6.88	0.07	
0.329381	6.86	0.07	
0.328407	6.87	0.07	
0.327869	6.83	0.07	
0.327011	6.77	0.07	
0.326584	6.78	0.07	
0.325945	6.73	0.07	
0.325309	6.68	0.07	
0.324359	6.63	0.07	
0.32352	6.65	0.07	
0.323311	6.61	0.07	
0.323102	6.61	0.07	
0.322997	6.6	0.07	
0.323311	6.61	0.07	
0.322789	6.61	0.07	
0.321958	6.59	0.07	
0.320513	6.59	0.07	
0.319489	6.57	0.07	
0.318471	6.5	0.07	
0.31746	6.46	0.07	
0.316256	6.45	0.07	
0.315457	6.42	0.07	
0.314961	6.4	0.07	
0.314268	6.4	0.07	
0.313775	6.39	0.07	
0.312695	6.37	0.07	
0.311624	6.36	0.07	
0.310849	6.33	0.07	
0.310078	6.31	0.07	
0.30931	6.29	0.07	
0.308261	6.23	0.07	
0.307503	6.24	0.07	
0.306748	6.22	0.07	
0.306373	6.19	0.07	
0.305998	6.17	0.07	
0.30525	6.14	0.07	
0.304878	6.11	0.07	
0.305064	6.11	0.07	
0.305157	6.11	0.07	
0.305157	6.11	0.07	
0.304971	6.12	0.07	
0.304136	6.1	0.07	
0.303122	6.1	0.07	
0.302297	6.1	0.07	
0.301477	6.08	0.07	
0.300842	6.02	0.07	
0.29985	6.01	0.07	
0.299581	6	0.07	
0.298686	6.02	0.07	
0.298329	5.99	0.07	
0.297708	5.93	0.07	
0.297354	5.92	0.07	
0.297177	5.9	0.07	
0.297177	5.92	0.07	
0.297265	5.94	0.07	
0.29656	5.9	0.07	
0.295159	5.9	0.07	
0.294118	5.88	0.07	
0.293513	5.88	0.07	
0.29274	5.87	0.07	
0.292141	5.86	0.07	
0.29146	5.84	0.07	
0.290698	5.83	0.07	
0.290023	5.8	0.07	
0.289352	5.77	0.07	
0.288684	5.76	0.07	
0.288184	5.78	0.07	
0.287439	5.75	0.07	
0.286615	5.72	0.07	
0.286123	5.69	0.07	
0.286205	5.68	0.07	
0.286123	5.72	0.07	
0.28547	5.69	0.07	
0.284252	5.61	0.07	
0.283206	5.55	0.07	
0.282247	5.57	0.07	
0.28169	5.46	0.07	
0.280978	5.43	0.07	
0.280426	5.4	0.07	
0.279408	5.43	0.07	
0.278396	5.42	0.07	
0.277932	5.39	0.07	
0.277701	5.35	0.07	
0.277624	5.36	0.07	
0.277778	5.37	0.07	
0.277932	5.38	0.07	
0.277701	5.42	0.07	
0.276549	5.37	0.07	
0.275179	5.34	0.07	
0.274123	5.36	0.07	
0.272926	5.4	0.07	
0.271887	5.32	0.07	
