0.278009	5.31	0.08	
0.27894	5.38	0.08	
0.27972	5.33	0.08	
0.280112	5.33	0.08	
0.280662	5.34	0.08	
0.280741	5.31	0.08	
0.280978	5.33	0.08	
0.281373	5.35	0.08	
0.282087	5.4	0.08	
0.282486	5.43	0.08	
0.283126	5.36	0.08	
0.28393	5.4	0.08	
0.284414	5.41	0.08	
0.285144	5.45	0.08	
0.285714	5.53	0.08	
0.286287	5.59	0.08	
0.287026	5.57	0.08	
0.287522	5.58	0.08	
0.288018	5.62	0.08	
0.288434	5.64	0.08	
0.28885	5.61	0.08	
0.288934	5.6	0.08	
0.289855	5.73	0.08	
0.29036	5.8	0.08	
0.291036	5.78	0.08	
0.291545	5.75	0.08	
0.292141	5.74	0.08	
0.292826	5.75	0.08	
0.293427	5.75	0.08	
0.293945	5.78	0.08	
0.293945	5.76	0.08	
0.294377	5.76	0.08	
0.294724	5.78	0.08	
0.295159	5.79	0.08	
0.295596	5.8	0.08	
0.296296	5.79	0.08	
0.296824	5.78	0.08	
0.297265	5.83	0.08	
0.298063	5.84	0.08	
0.298597	5.85	0.08	
0.299043	5.86	0.08	
0.29967	5.85	0.08	
0.30003	5.87	0.08	
0.300752	5.88	0.08	
0.301205	5.89	0.08	
0.301205	5.9	0.08	
0.301932	5.9	0.08	
0.302755	5.97	0.08	
0.303122	6	0.08	
0.303859	6.01	0.08	
0.304414	6.02	0.08	
0.30525	6.02	0.08	
0.306091	6.08	0.08	
0.30656	6.1	0.08	
0.307598	6.1	0.08	
0.307882	6.09	0.08	
0.307882	6.1	0.08	
0.307882	6.08	0.08	
0.307503	6.08	0.08	
0.307503	6.09	0.08	
0.308071	6.14	0.08	
0.309215	6.11	0.08	
0.309885	6.12	0.08	
0.310078	6.12	0.08	
0.310655	6.15	0.08	
0.311429	6.14	0.08	
0.31211	6.18	0.08	
0.312989	6.17	0.08	
0.31348	6.22	0.08	
0.314169	6.22	0.08	
0.314861	6.31	0.08	
0.315856	6.31	0.08	
0.316957	6.33	0.08	
0.317864	6.35	0.08	
0.318674	6.35	0.08	
0.318979	6.38	0.08	
0.319693	6.39	0.08	
0.320102	6.37	0.08	
0.320513	6.4	0.08	
0.32113	6.42	0.08	
0.32175	6.47	0.08	
0.322477	6.48	0.08	
0.323311	6.52	0.08	
0.324254	6.59	0.08	
0.324992	6.58	0.08	
0.325839	6.61	0.08	
0.326052	6.58	0.08	
0.326052	6.58	0.08	
0.326584	6.59	0.08	
0.326904	6.58	0.08	
0.327332	6.61	0.09	
0.327654	6.66	0.08	
0.328623	6.64	0.08	
0.329598	6.68	0.08	
0.33036	6.76	0.09	
0.331016	6.77	0.08	
0.331565	6.76	0.09	
0.332226	6.76	0.09	
0.333	6.8	0.09	
0.333444	6.78	0.09	
0.334001	6.8	0.09	
0.334336	6.8	0.09	
0.335233	6.81	0.08	
0.336022	6.9	0.09	
0.337268	6.92	0.09	
0.338295	6.92	0.09	
0.338983	6.94	0.09	
0.338983	6.97	0.09	
0.339674	6.96	0.09	
0.340368	6.97	0.09	
0.340599	6.98	0.09	
0.341297	7.03	0.09	
0.341997	7.06	0.09	
0.342583	7.15	0.09	
0.343525	7.18	0.09	
0.343879	7.14	0.09	
0.344234	7.12	0.09	
0.344828	7.33	0.09	
0.346021	7.15	0.09	
0.34626	7.17	0.09	
0.346981	7.19	0.09	
0.347222	7.24	0.09	
0.348068	7.26	0.09	
0.348311	7.27	0.09	
0.348797	7.24	0.09	
0.34965	7.27	0.09	
0.35014	7.29	0.09	
0.350631	7.34	0.09	
0.351124	7.3	0.09	
0.351741	7.34	0.09	
0.352734	7.38	0.09	
0.353732	7.35	0.09	
0.354988	7.4	0.09	
0.355999	7.4	0.09	
0.356761	7.44	0.09	
0.357398	7.43	0.09	
0.358038	7.47	0.09	
0.358166	7.4	0.09	
0.358551	7.47	0.09	
0.359712	7.52	0.09	
0.36036	7.52	0.09	
0.361402	7.49	0.09	
0.361925	7.54	0.09	
0.36245	7.54	0.09	
0.36324	7.6	0.09	
0.364033	7.6	0.09	
0.364431	7.6	0.09	
0.36483	7.58	0.09	
0.364564	7.6	0.09	
0.36523	7.66	0.09	
0.366166	7.64	0.09	
0.366703	7.66	0.09	
0.367377	7.77	0.09	
0.367918	7.79	0.09	
0.369004	7.77	0.09	
0.369276	7.8	0.09	
0.370096	7.76	0.09	
0.370782	7.77	0.09	
0.371885	7.83	0.09	
0.372578	7.82	0.09	
0.374532	7.84	0.09	
0.375516	7.86	0.09	
0.376081	7.86	0.09	
0.376648	7.93	0.09	
0.377358	7.9	0.09	
0.377929	7.89	0.09	
0.378644	7.89	0.09	
0.379219	7.95	0.09	
0.379795	8.02	0.09	
0.380373	8.06	0.09	
0.380662	8.09	0.09	
0.381679	8.04	0.09	
0.381971	8.07	0.09	
0.382995	8.07	0.09	
0.38373	8.05	0.09	
0.384172	8.1	0.09	
0.384911	8.15	0.09	
0.385208	8.11	0.09	
0.386399	8.11	0.09	
0.387297	8.14	0.09	
0.387147	8.17	0.09	
0.3885	8.19	0.09	
0.389105	8.19	0.09	
0.389712	8.2	0.09	
0.389864	8.2	0.09	
0.390168	8.19	0.09	
0.390778	8.21	0.09	
0.391083	8.27	0.09	
0.392465	8.28	0.09	
0.392773	8.27	0.09	
0.394011	8.27	0.09	
0.394633	8.31	0.09	
0.395101	8.34	0.09	
0.395883	8.36	0.09	
0.396668	8.35	0.09	
0.397141	8.37	0.09	
0.397614	8.41	0.09	
0.398089	8.43	0.09	
0.398406	8.45	0.09	
0.398724	8.47	0.09	
0.399202	8.49	0.09	
0.40016	8.52	0.09	
0.400962	8.5	0.09	
0.401606	8.53	0.09	
0.402739	8.54	0.09	
0.403226	8.57	0.09	
0.404367	8.55	0.09	
0.405186	8.64	0.09	
0.406009	8.59	0.09	
0.406835	8.65	0.09	
0.407332	8.66	0.09	
0.407664	8.64	0.09	
0.40783	8.67	0.09	
0.408664	8.74	0.09	
0.409333	8.79	0.09	
0.410509	8.79	0.09	
0.411523	8.74	0.09	
0.412031	8.76	0.09	
0.412541	8.76	0.09	
0.412882	8.87	0.09	
0.413394	8.86	0.09	
0.413907	8.87	0.09	
0.41425	8.87	0.09	
0.414938	8.92	0.09	
0.415628	8.87	0.09	
0.416146	8.93	0.09	
0.417014	8.93	0.09	
0.417885	8.99	0.09	
0.418235	8.99	0.09	
0.41876	9.01	0.09	
0.419111	9.04	0.09	
0.420345	9.04	0.09	
0.420698	9.09	0.09	
0.421585	9.05	0.09	
0.421941	9.02	0.09	
0.422654	9.03	0.09	
0.423012	9.04	0.09	
0.423729	9.04	0.09	
0.424088	9.04	0.09	
0.424268	9.04	0.09	
0.42517	9.09	0.09	
0.425532	9.1	0.09	
0.426439	9.16	0.09	
0.427168	9.15	0.09	
0.427899	9.14	0.09	
0.428266	9.13	0.09	
0.429	9.18	0.09	
0.429923	9.18	0.09	
0.43122	9.21	0.09	
0.432152	9.2	0.09	
0.432152	9.2	0.09	
0.432713	9.23	0.09	
0.433088	9.22	0.09	
0.433839	9.25	0.09	
0.434028	9.28	0.09	
0.434783	9.31	0.09	
0.434594	9.32	0.09	
0.43535	9.32	0.09	
0.43592	9.32	0.09	
0.4363	9.34	0.09	
0.436681	9.36	0.09	
0.437445	9.36	0.09	
0.437445	9.38	0.09	
0.438212	9.38	0.09	
0.438404	9.4	0.09	
0.438789	9.39	0.09	
0.439947	9.42	0.09	
0.440141	9.41	0.09	
0.440917	9.42	0.09	
0.441891	9.45	0.09	
0.442478	9.45	0.09	
0.44287	9.48	0.09	
0.443853	9.49	0.09	
0.444444	9.49	0.09	
0.445236	9.49	0.09	
0.445831	9.51	0.09	
0.446628	9.51	0.09	
0.447628	9.53	0.09	
0.448229	9.54	0.09	
0.448632	9.54	0.09	
0.44964	9.53	0.09	
0.450045	9.55	0.09	
0.45045	9.55	0.09	
0.450653	9.56	0.09	
0.451671	9.56	0.09	
0.452284	9.59	0.09	
0.452694	9.58	0.09	
0.453309	9.61	0.09	
0.454133	9.66	0.09	
0.454545	9.64	0.09	
0.455373	9.65	0.09	
0.455789	9.67	0.09	
0.456413	9.7	0.09	
0.456621	9.73	0.09	
0.457666	9.74	0.09	
0.458505	9.77	0.09	
0.458926	9.78	0.09	
0.459137	9.81	0.09	
0.459982	9.82	0.09	
0.461042	9.84	0.09	
0.460829	9.85	0.09	
0.461894	9.88	0.09	
0.462107	9.92	0.09	
0.463607	9.95	0.09	
0.463177	9.97	0.09	
0.464468	10	0.09	
0.464684	10	0.09	
0.465549	10.01	0.09	
0.4662	10.02	0.09	
0.466418	10.04	0.09	
0.467071	10.06	0.09	
0.468165	10.08	0.09	
0.468384	10.09	0.09	
0.468823	10.12	0.09	
0.469925	10.14	0.09	
0.470367	10.16	0.09	
0.47081	10.16	0.09	
0.471254	10.18	0.09	
0.472144	10.2	0.09	
0.471921	10.23	0.09	
0.473261	10.25	0.09	
0.473709	10.26	0.09	
0.473934	10.27	0.09	
0.474608	10.28	0.09	
0.474158	10.28	0.09	
0.475059	10.3	0.09	
0.47619	10.31	0.09	
0.477327	10.34	0.09	
0.477555	10.35	0.09	
0.47824	10.37	0.09	
0.478698	10.38	0.09	
0.479616	10.39	0.09	
0.480538	10.41	0.09	
0.481	10.42	0.09	
0.481696	10.45	0.09	
0.482859	10.48	0.09	
0.483793	10.48	0.09	
0.483325	10.49	0.09	
0.484262	10.52	0.09	
0.484731	10.53	0.09	
0.486145	10.56	0.09	
0.487092	10.58	0.09	
0.488043	10.6	0.09	
0.487805	10.62	0.09	
0.488281	10.64	0.09	
0.489476	10.65	0.09	
0.489237	10.66	0.09	
0.489956	10.68	0.09	
0.490436	10.69	0.09	
0.490196	10.7	0.09	
0.490918	10.7	0.09	
0.491642	10.71	0.09	
0.492126	10.73	0.09	
0.492126	10.74	0.09	
0.492611	10.75	0.09	
0.493583	10.76	0.09	
0.494315	10.78	0.09	
0.49554	10.81	0.09	
0.496524	10.83	0.09	
0.497512	10.84	0.09	
0.49776	10.86	0.09	
0.499002	10.88	0.09	
0.4995	10.89	0.09	
0.50025	10.91	0.09	
0.500501	10.91	0.09	
0.501002	10.93	0.09	
0.502008	10.97	0.09	
0.503018	10.99	0.09	
0.504286	11.02	0.09	
0.505051	11.05	0.09	
0.506073	11.07	0.09	
0.506586	11.1	0.09	
0.507099	11.11	0.09	
0.50813	11.12	0.09	
0.50813	11.13	0.09	
0.508647	11.16	0.09	
0.509424	11.16	0.09	
0.509944	11.18	0.09	
0.510725	11.2	0.09	
0.510986	11.21	0.09	
0.510725	11.23	0.09	
0.511509	11.24	0.09	
0.512821	11.26	0.09	
0.514139	11.29	0.09	
0.514933	11.3	0.09	
0.515996	11.33	0.09	
0.516529	11.33	0.09	
0.517598	11.35	0.09	
0.517598	11.38	0.09	
0.518672	11.4	0.09	
0.520833	11.44	0.09	
0.521921	11.47	0.09	
0.523013	11.5	0.09	
0.524659	11.53	0.09	
0.524934	11.55	0.09	
0.525762	11.56	0.09	
0.526039	11.58	0.09	
0.527148	11.6	0.09	
0.527426	11.61	0.09	
0.527983	11.62	0.09	
0.528821	11.64	0.09	
0.529101	11.66	0.09	
0.529942	11.66	0.09	
0.529661	11.65	0.09	
0.529381	11.65	0.09	
0.529381	11.66	0.09	
0.529381	11.68	0.09	
0.531067	11.7	0.09	
0.53135	11.71	0.09	
0.532198	11.72	0.09	
0.532198	11.74	0.09	
0.533903	11.76	0.09	
0.534759	11.78	0.09	
0.535906	11.8	0.09	
0.537634	11.82	0.09	
0.537924	11.85	0.09	
0.539374	11.88	0.09	
0.540541	11.92	0.09	
0.542299	11.93	0.09	
0.542594	11.94	0.09	
0.542888	11.96	0.09	
0.543774	11.97	0.09	
0.543183	12.01	0.09	
0.545256	12.04	0.09	
0.545554	12.07	0.09	
0.547046	12.1	0.09	
0.548847	12.13	0.09	
0.549149	12.16	0.09	
0.550964	12.17	0.09	
0.551572	12.2	0.09	
0.552486	12.22	0.09	
0.55371	12.24	0.09	
0.554017	12.25	0.09	
0.554631	12.26	0.09	
0.555247	12.3	0.09	
0.556174	12.32	0.09	
0.556793	12.34	0.09	
0.557724	12.36	0.09	
0.559284	12.39	0.09	
0.560538	12.42	0.09	
0.561482	12.44	0.09	
0.562114	12.47	0.09	
0.563063	12.5	0.09	
0.56338	12.52	0.09	
0.564334	12.54	0.09	
0.565291	12.55	0.09	
0.565291	12.56	0.09	
0.565931	12.58	0.09	
0.567859	12.64	0.09	
0.569476	12.66	0.09	
0.570776	12.69	0.09	
0.570776	12.69	0.09	
0.571429	12.69	0.09	
0.571429	12.7	0.09	
0.571755	12.71	0.09	
0.571755	12.72	0.09	
0.57241	12.73	0.09	
0.573066	12.76	0.09	
0.573723	12.77	0.09	
0.574383	12.78	0.09	
0.575043	12.79	0.09	
0.576037	12.81	0.09	
0.576701	12.85	0.09	
0.578035	12.88	0.09	
0.578704	12.9	0.09	
0.580046	12.91	0.09	
0.581058	12.93	0.09	
0.581395	12.95	0.09	
0.581395	12.96	0.09	
0.582072	12.99	0.09	
0.58309	13.01	0.09	
0.583431	13.03	0.09	
0.584795	13.04	0.09	
0.58548	13.06	0.09	
0.585823	13.09	0.09	
0.587544	13.11	0.09	
0.588235	13.14	0.09	
0.589275	13.17	0.09	
0.590667	13.2	0.09	
0.592066	13.22	0.09	
0.592066	13.23	0.09	
0.59312	13.25	0.09	
0.594177	13.27	0.09	
0.594884	13.29	0.09	
0.595948	13.31	0.09	
0.597729	13.36	0.09	
0.597729	13.38	0.09	
0.599161	13.41	0.09	
0.59988	13.41	0.09	
0.59988	13.42	0.09	
0.59988	13.43	0.09	
0.60024	13.46	0.09	
0.600601	13.47	0.09	
0.600962	13.49	0.09	
0.60241	13.5	0.09	
0.60241	13.52	0.09	
0.602773	13.55	0.09	
0.60423	13.56	0.09	
0.605327	13.58	0.09	
0.605694	13.62	0.09	
0.607165	13.63	0.09	
0.607533	13.66	0.09	
0.608273	13.66	0.09	
0.608643	13.67	0.09	
0.609756	13.68	0.09	
0.609756	13.69	0.09	
0.610128	13.7	0.09	
0.609756	13.71	0.09	
0.610874	13.72	0.09	
0.611621	13.73	0.09	
0.612745	13.75	0.09	
0.613121	13.77	0.09	
0.613121	13.78	0.09	
0.615006	13.79	0.09	
0.615006	13.83	0.09	
0.616143	13.85	0.09	
0.616903	13.87	0.09	
0.618047	13.88	0.09	
0.618812	13.91	0.09	
0.619195	13.94	0.09	
0.621504	13.98	0.09	
0.621504	14.01	0.09	
0.623441	14.04	0.09	
0.62461	14.07	0.09	
0.625782	14.1	0.09	
0.626566	14.11	0.09	
0.627746	14.13	0.09	
0.628536	14.15	0.09	
0.629327	14.17	0.09	
0.629327	14.19	0.09	
0.631313	14.2	0.09	
0.631313	14.21	0.09	
0.632111	14.21	0.09	
0.632911	14.22	0.09	
0.632911	14.24	0.09	
0.633714	14.28	0.09	
0.633714	14.3	0.09	
0.634921	14.32	0.09	
0.636132	14.33	0.09	
0.635728	14.35	0.09	
0.637349	14.36	0.09	
0.637349	14.37	0.09	
0.638162	14.4	0.09	
0.637755	14.41	0.09	
0.638978	14.43	0.09	
0.638978	14.45	0.09	
0.640615	14.48	0.09	
0.642261	14.51	0.09	
0.642674	14.53	0.09	
0.643087	14.55	0.09	
0.64433	14.57	0.09	
0.64433	14.59	0.09	
0.645161	14.6	0.09	
0.646412	14.62	0.09	
0.647668	14.63	0.09	
0.646831	14.66	0.09	
0.648508	14.68	0.09	
0.649351	14.69	0.09	
0.650195	14.72	0.09	
0.650618	14.74	0.09	
0.652316	14.77	0.09	
0.65189	14.78	0.09	
0.653595	14.8	0.09	
0.653595	14.81	0.09	
0.654879	14.84	0.09	
0.656168	14.87	0.09	
0.65703	14.9	0.09	
0.658328	14.95	0.09	
0.658762	14.98	0.09	
0.661813	15.01	0.09	
0.66313	15.04	0.09	
0.66357	15.08	0.09	
0.664894	15.11	0.09	
0.665779	15.13	0.09	
0.668449	15.17	0.09	
0.668896	15.2	0.09	
0.670691	15.23	0.09	
0.671592	15.24	0.09	
0.671592	15.25	0.09	
0.672043	15.27	0.09	
0.672495	15.29	0.09	
0.672495	15.3	0.09	
0.672948	15.33	0.09	
0.674309	15.35	0.09	
0.674309	15.37	0.09	
0.676133	15.39	0.09	
0.677048	15.43	0.09	
0.677966	15.47	0.09	
0.678426	15.5	0.09	
0.680272	15.52	0.09	
0.680735	15.54	0.09	
0.682128	15.57	0.09	
0.68306	15.6	0.09	
0.682594	15.62	0.09	
0.685401	15.63	0.09	
0.685871	15.65	0.09	
0.687758	15.67	0.09	
0.687758	15.7	0.09	
0.687758	15.72	0.09	
0.688231	15.73	0.09	
0.690131	15.74	0.09	
0.689655	15.75	0.09	
0.690608	15.77	0.09	
0.691085	15.79	0.09	
0.691085	15.8	0.09	
0.691085	15.81	0.09	
0.691563	15.83	0.09	
0.693481	15.85	0.09	
0.694444	15.88	0.09	
0.696379	15.92	0.09	
0.696864	15.94	0.09	
0.697837	15.98	0.09	
0.698812	16	0.09	
0.699301	16.01	0.09	
0.699301	16.03	0.09	
0.700771	16.04	0.09	
0.701262	16.05	0.09	
0.701754	16.06	0.09	
0.702741	16.07	0.09	
0.703235	16.09	0.09	
0.70373	16.11	0.09	
0.705716	16.14	0.09	
0.705219	16.15	0.09	
0.706215	16.17	0.09	
0.706714	16.18	0.09	
0.707214	16.19	0.09	
0.707714	16.21	0.09	
0.708215	16.22	0.09	
0.708717	16.23	0.09	
0.70922	16.24	0.09	
0.709723	16.27	0.09	
0.710227	16.28	0.09	
0.710732	16.3	0.09	
0.711744	16.32	0.09	
0.712251	16.36	0.09	
0.713267	16.4	0.09	
0.714286	16.41	0.09	
0.714796	16.44	0.09	
0.716332	16.46	0.09	
0.71736	16.48	0.09	
0.717875	16.49	0.09	
0.718907	16.51	0.09	
0.719424	16.53	0.09	
0.719942	16.55	0.09	
0.719942	16.57	0.09	
0.720981	16.58	0.09	
0.722543	16.6	0.09	
0.723066	16.63	0.09	
0.724113	16.64	0.09	
0.725163	16.66	0.09	
0.725689	16.67	0.09	
0.725689	16.68	0.09	
0.726744	16.69	0.09	
0.725689	16.71	0.09	
0.726216	16.73	0.09	
0.727802	16.75	0.09	
0.728863	16.77	0.09	
0.729395	16.79	0.09	
0.729927	16.8	0.09	
0.73046	16.83	0.09	
0.731529	16.86	0.09	
0.733138	16.89	0.09	
0.733138	16.91	0.09	
0.733676	16.93	0.09	
0.735294	16.96	0.09	
0.734754	16.99	0.09	
0.73692	17	0.09	
0.736377	17.01	0.09	
0.739098	17.02	0.09	
0.73692	17.03	0.09	
0.739098	17.05	0.09	
0.739098	17.07	0.09	
0.740192	17.08	0.09	
0.74184	17.1	0.09	
0.740741	17.11	0.09	
0.742942	17.13	0.09	
0.744602	17.14	0.09	
0.742942	17.15	0.09	
0.744048	17.18	0.09	
0.745156	17.19	0.09	
0.745156	17.21	0.09	
0.746269	17.22	0.09	
0.745712	17.24	0.09	
0.747384	17.26	0.09	
0.747943	17.28	0.09	
0.749064	17.3	0.09	
0.749064	17.32	0.09	
0.750188	17.34	0.09	
0.749625	17.36	0.09	
0.750751	17.37	0.09	
0.751315	17.39	0.09	
0.753012	17.41	0.09	
0.752445	17.43	0.09	
0.75358	17.45	0.09	
0.754148	17.46	0.09	
0.754717	17.5	0.09	
0.755858	17.51	0.09	
0.757002	17.53	0.09	
0.757576	17.54	0.09	
0.758725	17.56	0.09	
0.75815	17.58	0.09	
0.759301	17.59	0.09	
0.760456	17.6	0.09	
0.760456	17.62	0.09	
0.762195	17.65	0.09	
0.764526	17.68	0.09	
0.763942	17.7	0.09	
0.765111	17.72	0.09	
0.765111	17.73	0.09	
0.765111	17.75	0.09	
0.766284	17.77	0.09	
0.766284	17.78	0.09	
0.76746	17.81	0.09	
0.768049	17.83	0.09	
0.768049	17.85	0.09	
0.769823	17.87	0.09	
0.770416	17.9	0.09	
0.770416	17.92	0.09	
0.771605	17.94	0.09	
0.773994	17.99	0.09	
0.773395	18.01	0.09	
0.775194	18.07	0.09	
0.775194	18.08	0.09	
0.777605	18.09	0.09	
0.777605	18.15	0.09	
0.77821	18.16	0.09	
0.77821	18.2	0.09	
0.778816	18.24	0.09	
0.778816	18.26	0.09	
0.780031	18.27	0.09	
0.781861	18.31	0.09	
0.78125	18.31	0.09	
0.781861	18.35	0.09	
0.783699	18.37	0.09	
0.783699	18.37	0.09	
0.783699	18.37	0.09	
0.784929	18.38	0.09	
0.785546	18.39	0.09	
0.785546	18.39	0.09	
0.785546	18.39	0.09	
0.787402	18.39	0.09	
0.788022	18.4	0.09	
0.788644	18.4	0.09	
0.789266	18.41	0.09	
0.791139	18.41	0.09	
0.791139	18.42	0.09	
0.792393	18.48	0.09	
0.793651	18.49	0.09	
0.794281	18.48	0.09	
0.794913	18.53	0.09	
0.794281	18.58	0.09	
0.795545	18.58	0.09	
0.797448	18.57	0.09	
0.796813	18.62	0.09	
0.798085	18.67	0.09	
0.798722	18.7	0.09	
0.800641	18.73	0.09	
0.801282	18.75	0.09	
0.801925	18.78	0.09	
0.803213	18.79	0.09	
0.801282	18.82	0.09	
0.803213	18.84	0.09	
0.803859	18.84	0.09	
0.805153	18.84	0.09	
0.805802	18.85	0.09	
0.807103	18.87	0.09	
0.807754	18.87	0.09	
0.808407	18.89	0.09	
0.809717	18.9	0.09	
0.810373	18.93	0.09	
0.811688	18.94	0.09	
0.813008	18.98	0.09	
0.81367	19.01	0.09	
0.81367	19.02	0.09	
0.81367	19.04	0.09	
0.814996	19.07	0.09	
0.816327	19.08	0.09	
0.816327	19.08	0.09	
0.816993	19.09	0.09	
0.818331	19.13	0.09	
0.819001	19.12	0.09	
0.819672	19.12	0.09	
0.820345	19.13	0.09	
0.819672	19.17	0.09	
0.821018	19.19	0.09	
0.822368	19.22	0.09	
0.820345	19.24	0.09	
0.823723	19.25	0.09	
0.823045	19.25	0.09	
0.823723	19.27	0.09	
0.82713	19.25	0.09	
0.825083	19.28	0.09	
0.825764	19.3	0.09	
0.825083	19.33	0.09	
0.829876	19.36	0.09	
0.8285	19.38	0.09	
0.829876	19.4	0.09	
0.831255	19.42	0.09	
0.831947	19.43	0.09	
0.831947	19.47	0.09	
0.834028	19.48	0.09	
0.832639	19.49	0.09	
0.832639	19.52	0.09	
0.835422	19.58	0.09	
0.834725	19.58	0.09	
0.837521	19.61	0.09	
0.83682	19.58	0.09	
0.83682	19.6	0.09	
0.838223	19.61	0.09	
0.838926	19.66	0.09	
0.838926	19.69	0.09	
0.840336	19.74	0.09	
0.841043	19.7	0.09	
0.841751	19.73	0.09	
0.841751	19.76	0.09	
0.843882	19.78	0.09	
0.84317	19.78	0.09	
0.845309	19.8	0.09	
0.846024	19.84	0.09	
0.845309	19.85	0.09	
0.847458	19.89	0.09	
0.847458	19.89	0.09	
0.848176	19.88	0.09	
0.848896	19.9	0.09	
0.849618	19.93	0.09	
0.847458	19.94	0.09	
0.85034	19.95	0.09	
0.851789	19.96	0.09	
0.85034	19.97	0.09	
0.853971	20.04	0.09	
0.853971	20.05	0.09	
0.852515	20.03	0.09	
0.854701	20.04	0.09	
0.855432	20.06	0.09	
0.856164	20.08	0.09	
0.857633	20.11	0.09	
0.857633	20.15	0.09	
0.859107	20.18	0.09	
0.859107	20.19	0.09	
0.862069	20.17	0.09	
0.861326	20.2	0.09	
0.861326	20.21	0.09	
0.862069	20.27	0.09	
0.862069	20.3	0.09	
0.865052	20.3	0.09	
0.865052	20.31	0.09	
0.865052	20.31	0.09	
0.865052	20.32	0.09	
0.866551	20.34	0.09	
0.865801	20.37	0.09	
0.867303	20.34	0.09	
0.869565	20.38	0.09	
0.868056	20.42	0.09	
0.86881	20.44	0.09	
0.87184	20.48	0.09	
0.87184	20.5	0.09	
0.8726	20.5	0.09	
0.8726	20.53	0.09	
0.874126	20.55	0.09	
0.8726	20.61	0.09	
0.875657	20.62	0.09	
0.874891	20.66	0.09	
0.876424	20.64	0.09	
0.876424	20.68	0.09	
0.877963	20.7	0.09	
0.878735	20.69	0.09	
0.881057	20.75	0.09	
0.881057	20.78	0.09	
0.882613	20.81	0.09	
0.882613	20.8	0.09	
0.884956	20.83	0.09	
0.884173	20.86	0.09	
0.884173	20.88	0.09	
0.88574	20.9	0.09	
0.886525	20.91	0.09	
0.88574	20.89	0.09	
0.887311	20.95	0.09	
0.887311	20.96	0.09	
0.888889	20.98	0.09	
0.888099	20.96	0.09	
0.887311	20.99	0.09	
0.890472	21	0.09	
0.888099	21.03	0.09	
0.888099	21.04	0.09	
0.891266	21.03	0.09	
0.891266	21.06	0.09	
0.891266	21.06	0.09	
0.893655	21.05	0.09	
0.893655	21.08	0.09	
0.893655	21.11	0.09	
0.895255	21.15	0.09	
0.894454	21.15	0.09	
0.896861	21.17	0.09	
0.897666	21.25	0.09	
0.898473	21.26	0.09	
0.897666	21.22	0.09	
0.899281	21.2	0.09	
0.900901	21.26	0.09	
0.899281	21.33	0.09	
0.90009	21.34	0.09	
0.901713	21.33	0.09	
0.902527	21.32	0.09	
0.902527	21.38	0.09	
0.903342	21.39	0.09	
0.901713	21.36	0.09	
0.904977	21.33	0.09	
0.905797	21.35	0.09	
0.905797	21.41	0.09	
0.907441	21.47	0.09	
0.909091	21.5	0.09	
0.908265	21.5	0.09	
0.910747	21.49	0.09	
0.909918	21.53	0.09	
0.909918	21.54	0.09	
0.911577	21.52	0.09	
0.912409	21.6	0.09	
0.912409	21.63	0.09	
0.913242	21.62	0.09	
0.913242	21.62	0.09	
0.914913	21.65	0.09	
0.915751	21.69	0.09	
0.914913	21.72	0.09	
0.915751	21.74	0.09	
0.917431	21.75	0.09	
0.918274	21.77	0.09	
0.918274	21.81	0.09	
0.919963	21.81	0.09	
0.921659	21.78	0.09	
0.922509	21.79	0.09	
0.921659	21.84	0.09	
0.922509	21.87	0.09	
0.925069	21.89	0.09	
0.924214	21.92	0.09	
0.925069	21.95	0.09	
0.925926	21.98	0.09	
0.925926	21.95	0.09	
0.927644	21.98	0.09	
0.928505	21.99	0.09	
0.928505	22.04	0.09	
0.927644	22.09	0.09	
0.930233	22.08	0.09	
0.930233	22.08	0.09	
0.931099	22.14	0.09	
0.931099	22.15	0.09	
0.933707	22.19	0.09	
0.932836	22.2	0.09	
0.933707	22.21	0.09	
0.935454	22.23	0.09	
0.93633	22.24	0.09	
0.938086	22.28	0.09	
0.937207	22.31	0.09	
0.938967	22.33	0.09	
0.940734	22.37	0.09	
0.93985	22.35	0.09	
0.942507	22.39	0.09	
0.94162	22.43	0.09	
0.943396	22.47	0.09	
0.94518	22.48	0.09	
0.944287	22.5	0.09	
