4.071	5.2	24.12	0	
4.072	5.2	24.12	0.1	
4.07	5.19	24.12	0.2	
4.071	5.18	24.12	0.3	
4.07	5.2	24.12	0.4	
4.072	5.2	24.12	0.5	
4.072	5.2	24.12	0.6	
4.071	5.2	24.12	0.7	
4.072	5.19	24.12	0.8	
4.071	5.2	24.12	0.9	
4.07	5.2	24.12	1	
4.069	5.19	24.12	1.1	
4.069	5.19	24.12	1.2	
4.07	5.2	24.12	1.3	
4.07	5.21	24.12	1.4	
4.071	5.21	24.12	1.5	
4.071	5.18	24.12	1.6	
4.07	5.19	24.12	1.7	
4.07	5.19	24.12	1.8	
4.07	5.19	24.12	1.9	
4.07	5.18	24.12	2	
4.07	5.19	24.12	2.1	
4.07	5.21	24.12	2.2	
4.07	5.18	24.12	2.3	
4.07	5.18	24.12	2.4	
4.071	5.18	24.12	2.5	
4.07	5.2	24.12	2.6	
4.07	5.2	24.12	2.7	
4.069	5.21	24.12	2.8	
4.069	5.2	24.12	2.9	
4.07	5.2	24.12	3	
4.071	5.2	24.12	3.1	
4.067	5.19	24.12	3.2	
4.069	5.19	24.12	3.3	
4.07	5.19	24.12	3.4	
4.069	5.18	24.12	3.5	
4.069	5.2	24.12	3.6	
4.07	5.2	24.12	3.7	
4.069	5.2	24.12	3.8	
4.069	5.19	24.12	3.9	
4.069	5.2	24.12	4	
4.067	5.21	24.12	4.1	
4.069	5.19	24.12	4.2	
4.07	5.17	24.12	4.3	
4.07	5.19	24.12	4.4	
4.069	5.2	24.12	4.5	
4.069	5.2	24.12	4.6	
4.068	5.17	24.12	4.7	
4.069	5.2	24.12	4.8	
4.068	5.19	24.12	4.9	
4.07	5.2	24.12	5	
4.069	5.2	24.12	5.1	
4.07	5.19	24.12	5.2	
4.068	5.2	24.12	5.3	
4.07	5.19	24.12	5.4	
4.066	5.19	24.12	5.5	
4.07	5.19	24.12	5.6	
4.069	5.19	24.12	5.7	
4.069	5.21	24.12	5.8	
4.071	5.19	24.12	5.9	
4.066	5.21	24.12	6	
4.07	5.2	24.12	6.1	
4.067	5.19	24.12	6.2	
4.069	5.17	24.12	6.3	
4.069	5.2	24.12	6.4	
4.069	5.19	24.12	6.5	
4.068	5.19	24.12	6.6	
4.067	5.19	24.12	6.7	
4.068	5.19	24.12	6.8	
4.069	5.18	24.12	6.9	
4.068	5.2	24.12	7	
4.068	5.19	24.12	7.1	
4.069	5.19	24.12	7.2	
4.068	5.2	24.12	7.3	
4.068	5.2	24.12	7.4	
4.067	5.2	24.12	7.5	
4.067	5.2	24.12	7.6	
4.067	5.18	24.12	7.7	
4.066	5.2	24.12	7.8	
4.069	5.19	24.12	7.9	
4.069	5.19	24.12	8	
4.067	5.18	24.12	8.1	
4.068	5.19	24.12	8.2	
4.067	5.18	24.12	8.3	
4.068	5.2	24.12	8.4	
4.069	5.21	24.12	8.5	
4.069	5.21	24.12	8.6	
4.066	5.2	24.12	8.7	
4.069	5.19	24.12	8.8	
4.067	5.19	24.12	8.9	
4.067	5.21	24.12	9	
4.068	5.19	24.12	9.1	
4.067	5.21	24.12	9.2	
4.067	5.19	24.12	9.3	
4.066	5.2	24.12	9.4	
4.068	5.2	24.12	9.5	
4.068	5.19	24.12	9.6	
4.067	5.18	24.12	9.7	
4.067	5.18	24.12	9.8	
4.066	5.19	24.12	9.9	
4.068	5.19	24.12	10	
4.069	5.2	24.12	10.1	
4.067	5.2	24.12	10.2	
4.068	5.21	24.12	10.3	
4.068	5.19	24.12	10.4	
4.068	5.19	24.12	10.5	
4.066	5.21	24.12	10.6	
4.067	5.19	24.12	10.7	
4.067	5.2	24.12	10.8	
4.066	5.19	24.12	10.9	
4.065	5.18	24.12	11	
4.067	5.2	24.12	11.1	
4.066	5.21	24.12	11.2	
4.066	5.2	24.12	11.3	
4.069	5.19	24.12	11.4	
4.067	5.2	24.12	11.5	
4.066	5.19	24.12	11.6	
4.067	5.21	24.12	11.7	
4.064	5.2	24.12	11.8	
4.069	5.19	24.12	11.9	
4.067	5.2	24.12	12	
4.067	5.19	24.12	12.1	
4.065	5.19	24.12	12.2	
4.068	5.2	24.12	12.3	
4.067	5.18	24.12	12.4	
4.065	5.19	24.12	12.5	
4.064	5.17	24.12	12.6	
4.067	5.2	24.12	12.7	
4.063	5.17	24.12	12.8	
4.067	5.19	24.12	12.9	
4.064	5.19	24.12	13	
4.065	5.19	24.12	13.1	
4.065	5.2	24.12	13.2	
4.064	5.19	24.12	13.3	
4.066	5.2	24.12	13.4	
4.067	5.19	24.12	13.5	
4.066	5.21	24.12	13.6	
4.066	5.19	24.12	13.7	
4.066	5.2	24.12	13.8	
4.064	5.18	24.12	13.9	
4.066	5.2	24.12	14	
4.066	5.19	24.12	14.1	
4.065	5.2	24.12	14.2	
4.066	5.2	24.12	14.3	
4.066	5.19	24.12	14.4	
4.064	5.18	24.12	14.5	
4.068	5.2	24.12	14.6	
4.065	5.19	24.12	14.7	
4.062	5.22	24.12	14.8	
4.065	5.2	24.12	14.9	
4.063	5.21	24.12	15	
4.066	5.19	24.12	15.1	
4.066	5.19	24.12	15.2	
4.065	5.2	24.12	15.3	
4.067	5.2	24.12	15.4	
4.065	5.21	24.12	15.5	
4.066	5.2	24.12	15.6	
4.066	5.21	24.12	15.7	
4.065	5.21	24.12	15.8	
4.065	5.18	24.12	15.9	
4.065	5.18	24.12	16	
4.065	5.19	24.12	16.1	
4.065	5.19	24.12	16.2	
4.064	5.19	24.12	16.3	
4.065	5.21	24.12	16.4	
4.064	5.19	24.12	16.5	
4.064	5.2	24.12	16.6	
4.065	5.2	24.12	16.7	
4.065	5.21	24.12	16.8	
4.066	5.18	24.12	16.9	
4.064	5.2	24.12	17	
4.065	5.18	24.12	17.1	
4.063	5.2	24.12	17.2	
4.063	5.19	24.12	17.3	
4.065	5.2	24.12	17.4	
4.066	5.2	24.12	17.5	
4.065	5.19	24.12	17.6	
4.064	5.2	24.12	17.7	
4.065	5.19	24.12	17.8	
4.065	5.19	24.12	17.9	
4.065	5.19	24.12	18	
4.065	5.2	24.12	18.1	
4.064	5.21	24.12	18.2	
4.064	5.19	24.12	18.3	
4.064	5.18	24.12	18.4	
4.066	5.2	24.12	18.5	
4.065	5.21	24.12	18.6	
4.064	5.2	24.12	18.7	
4.065	5.2	24.12	18.8	
4.065	5.2	24.12	18.9	
4.064	5.21	24.12	19	
4.063	5.19	24.12	19.1	
4.065	5.2	24.12	19.2	
4.063	5.2	24.12	19.3	
4.064	5.18	24.12	19.4	
4.063	5.19	24.12	19.5	
4.064	5.19	24.12	19.6	
4.063	5.21	24.12	19.7	
4.063	5.2	24.12	19.8	
4.065	5.21	24.12	19.9	
4.063	5.2	24.12	20	
4.063	5.18	24.12	20.1	
4.063	5.21	24.12	20.2	
4.066	5.18	24.12	20.3	
4.065	5.19	24.12	20.4	
4.065	5.19	24.12	20.5	
4.063	5.2	24.12	20.6	
4.065	5.21	24.12	20.7	
4.064	5.19	24.12	20.8	
4.064	5.19	24.12	20.9	
4.063	5.19	24.12	21	
4.064	5.2	24.12	21.1	
4.063	5.19	24.12	21.2	
4.064	5.19	24.12	21.3	
4.064	5.19	24.12	21.4	
4.064	5.19	24.12	21.5	
4.063	5.19	24.12	21.6	
4.064	5.2	24.12	21.7	
4.063	5.21	24.12	21.8	
4.064	5.2	24.12	21.9	
4.064	5.2	24.12	22	
4.062	5.2	24.12	22.1	
4.066	5.2	24.12	22.2	
4.063	5.21	24.12	22.3	
4.064	5.22	24.12	22.4	
4.063	5.2	24.12	22.5	
4.062	5.19	24.12	22.6	
4.063	5.19	24.12	22.7	
4.063	5.21	24.12	22.8	
4.062	5.22	24.12	22.9	
4.063	5.21	24.12	23	
4.062	5.2	24.12	23.1	
4.064	5.19	24.12	23.2	
4.063	5.2	24.12	23.3	
4.063	5.19	24.12	23.4	
4.062	5.21	24.12	23.5	
4.063	5.21	24.12	23.6	
4.062	5.2	24.12	23.7	
4.063	5.2	24.12	23.8	
4.062	5.19	24.12	23.9	
4.064	5.21	24.12	24	
4.062	5.2	24.12	24.1	
4.063	5.18	24.12	24.2	
4.063	5.2	24.12	24.3	
4.062	5.19	24.12	24.4	
4.061	5.18	24.12	24.5	
4.063	5.18	24.12	24.6	
4.062	5.21	24.12	24.7	
4.062	5.19	24.12	24.8	
4.064	5.18	24.12	24.9	
4.063	5.2	24.12	25	
4.063	5.2	24.12	25.1	
4.062	5.21	24.12	25.2	
4.061	5.2	24.12	25.3	
4.062	5.18	24.12	25.4	
4.061	5.18	24.12	25.5	
4.063	5.19	24.12	25.6	
4.06	5.19	24.12	25.7	
4.063	5.19	24.12	25.8	
4.062	5.2	24.12	25.9	
4.063	5.21	24.12	26	
4.061	5.18	24.12	26.1	
4.061	5.21	24.12	26.2	
4.063	5.19	24.12	26.3	
4.062	5.19	24.12	26.4	
4.066	5.2	24.12	26.5	
4.062	5.18	24.12	26.6	
4.062	5.2	24.12	26.7	
4.06	5.2	24.12	26.8	
4.063	5.2	24.12	26.9	
4.062	5.17	24.12	27	
4.062	5.21	24.12	27.1	
4.062	5.17	24.12	27.2	
4.06	5.2	24.12	27.3	
4.062	5.21	24.12	27.4	
4.062	5.18	24.12	27.5	
4.062	5.19	24.12	27.6	
4.062	5.18	24.12	27.7	
4.062	5.19	24.12	27.8	
4.061	5.2	24.12	27.9	
4.061	5.19	24.12	28	
4.063	5.21	24.12	28.1	
4.062	5.2	24.12	28.2	
4.064	5.21	24.12	28.3	
4.063	5.2	24.12	28.4	
4.062	5.19	24.12	28.5	
4.061	5.19	24.12	28.6	
4.063	5.21	24.12	28.7	
4.061	5.2	24.12	28.8	
4.06	5.21	24.12	28.9	
4.063	5.2	24.12	29	
4.062	5.2	24.12	29.1	
4.063	5.18	24.12	29.2	
4.061	5.19	24.12	29.3	
4.063	5.21	24.12	29.4	
4.063	5.19	24.12	29.5	
4.06	5.18	24.12	29.6	
4.061	5.21	24.12	29.7	
4.063	5.2	24.12	29.8	
4.061	5.2	24.12	29.9	
4.063	5.18	24.12	30	
4.061	5.2	24.12	30.1	
4.06	5.19	24.12	30.2	
4.061	5.18	24.12	30.3	
4.062	5.19	24.12	30.4	
4.063	5.2	24.12	30.5	
4.062	5.21	24.12	30.6	
4.062	5.19	24.12	30.7	
4.063	5.21	24.12	30.8	
4.06	5.19	24.12	30.9	
4.063	5.2	24.12	31	
4.061	5.2	24.12	31.1	
4.063	5.2	24.12	31.2	
4.06	5.19	24.12	31.3	
4.062	5.2	24.12	31.4	
4.061	5.18	24.12	31.5	
4.06	5.18	24.12	31.6	
4.062	5.19	24.12	31.7	
4.061	5.17	24.12	31.8	
4.062	5.2	24.12	31.9	
4.062	5.21	24.12	32	
4.063	5.2	24.12	32.1	
4.061	5.2	24.12	32.2	
4.062	5.19	24.12	32.3	
4.059	5.2	24.12	32.4	
4.06	5.2	24.12	32.5	
4.061	5.2	24.12	32.6	
4.06	5.21	24.12	32.7	
4.061	5.2	24.12	32.8	
4.06	5.2	24.12	32.9	
4.061	5.21	24.12	33	
4.06	5.19	24.12	33.1	
4.062	5.2	24.12	33.2	
4.062	5.21	24.12	33.3	
4.061	5.19	24.12	33.4	
4.061	5.19	24.12	33.5	
4.061	5.2	24.12	33.6	
4.063	5.2	24.12	33.7	
4.062	5.19	24.12	33.8	
4.063	5.16	24.12	33.9	
4.062	5.2	24.12	34	
4.061	5.2	24.12	34.1	
4.06	5.19	24.12	34.2	
4.062	5.2	24.12	34.3	
4.058	5.19	24.12	34.4	
4.061	5.21	24.12	34.5	
4.063	5.16	24.12	34.6	
4.062	5.2	24.12	34.7	
4.061	5.18	24.12	34.8	
4.061	5.2	24.12	34.9	
4.06	5.19	24.12	35	
4.062	5.2	24.12	35.1	
4.061	5.19	24.12	35.2	
4.062	5.2	24.12	35.3	
4.06	5.19	24.12	35.4	
4.061	5.18	24.12	35.5	
4.059	5.2	24.12	35.6	
4.059	5.18	24.12	35.7	
4.062	5.18	24.12	35.8	
4.061	5.18	24.12	35.9	
4.059	5.2	24.12	36	
4.061	5.2	24.12	36.1	
4.061	5.19	24.12	36.2	
4.061	5.18	24.12	36.3	
4.06	5.17	24.12	36.4	
4.061	5.19	24.12	36.5	
4.059	5.2	24.12	36.6	
4.06	5.19	24.12	36.7	
4.06	5.18	24.12	36.8	
4.06	5.2	24.12	36.9	
4.059	5.19	24.12	37	
4.06	5.2	24.12	37.1	
4.061	5.19	24.12	37.2	
4.061	5.19	24.12	37.3	
4.059	5.19	24.12	37.4	
4.061	5.2	24.12	37.5	
4.06	5.2	24.12	37.6	
4.058	5.19	24.12	37.7	
4.06	5.21	24.12	37.8	
4.06	5.21	24.12	37.9	
4.06	5.21	24.12	38	
4.06	5.19	24.12	38.1	
4.059	5.18	24.12	38.2	
4.059	5.21	24.12	38.3	
4.06	5.19	24.12	38.4	
4.06	5.19	24.12	38.5	
4.059	5.21	24.12	38.6	
4.06	5.21	24.12	38.7	
4.058	5.2	24.12	38.8	
4.059	5.21	24.12	38.9	
4.059	5.2	24.12	39	
4.06	5.18	24.12	39.1	
4.058	5.19	24.12	39.2	
4.06	5.19	24.12	39.3	
4.061	5.2	24.12	39.4	
4.061	5.19	24.12	39.5	
4.06	5.2	24.11	39.6	
4.062	5.19	24.12	39.7	
4.061	5.19	24.12	39.8	
4.06	5.2	24.12	39.9	
4.059	5.19	24.11	40	
4.061	5.2	24.11	40.1	
4.059	5.2	24.11	40.2	
4.061	5.2	24.11	40.3	
4.058	5.19	24.11	40.4	
4.058	5.2	24.11	40.5	
4.059	5.19	24.12	40.6	
4.06	5.18	24.11	40.7	
4.058	5.21	24.11	40.8	
4.06	5.2	24.11	40.9	
4.061	5.19	24.11	41	
4.059	5.2	24.11	41.1	
4.06	5.18	24.11	41.2	
4.059	5.2	24.11	41.3	
4.058	5.2	24.11	41.4	
4.06	5.18	24.11	41.5	
4.061	5.19	24.11	41.6	
4.058	5.21	24.11	41.7	
4.059	5.19	24.11	41.8	
4.061	5.2	24.11	41.9	
4.058	5.2	24.11	42	
4.06	5.22	24.11	42.1	
4.058	5.2	24.11	42.2	
4.061	5.2	24.11	42.3	
4.059	5.19	24.11	42.4	
4.057	5.17	24.11	42.5	
4.059	5.19	24.11	42.6	
4.058	5.19	24.11	42.7	
4.06	5.21	24.11	42.8	
4.06	5.2	24.11	42.9	
4.06	5.19	24.11	43	
4.06	5.21	24.11	43.1	
4.06	5.19	24.11	43.2	
4.061	5.19	24.11	43.3	
4.058	5.19	24.11	43.4	
4.058	5.2	24.11	43.5	
4.058	5.17	24.11	43.6	
4.06	5.2	24.11	43.7	
4.058	5.19	24.11	43.8	
4.058	5.19	24.11	43.9	
4.06	5.19	24.11	44	
4.058	5.18	24.11	44.1	
4.06	5.2	24.11	44.2	
4.058	5.2	24.11	44.3	
4.059	5.2	24.11	44.4	
4.06	5.2	24.11	44.5	
4.06	5.21	24.11	44.6	
4.06	5.2	24.11	44.7	
4.06	5.22	24.11	44.8	
4.059	5.19	24.11	44.9	
4.058	5.21	24.11	45	
4.058	5.21	24.11	45.1	
4.057	5.2	24.11	45.2	
4.06	5.19	24.11	45.3	
4.057	5.19	24.11	45.4	
4.058	5.2	24.11	45.5	
4.06	5.2	24.11	45.6	
4.06	5.2	24.11	45.7	
4.057	5.2	24.11	45.8	
4.059	5.2	24.11	45.9	
4.059	5.19	24.11	46	
4.058	5.18	24.11	46.1	
4.059	5.2	24.11	46.2	
4.057	5.19	24.11	46.3	
4.058	5.2	24.11	46.4	
4.058	5.19	24.11	46.5	
4.059	5.19	24.11	46.6	
4.058	5.19	24.11	46.7	
4.059	5.21	24.11	46.8	
4.061	5.19	24.11	46.9	
4.058	5.19	24.11	47	
4.059	5.19	24.11	47.1	
4.058	5.2	24.11	47.2	
4.056	5.22	24.11	47.3	
4.06	5.18	24.11	47.4	
4.056	5.19	24.11	47.5	
4.06	5.19	24.11	47.6	
4.057	5.22	24.11	47.7	
4.06	5.19	24.11	47.8	
4.059	5.19	24.11	47.9	
4.06	5.2	24.11	48	
4.06	5.18	24.11	48.1	
4.058	5.18	24.11	48.2	
4.06	5.19	24.11	48.3	
4.061	5.2	24.11	48.4	
4.059	5.22	24.11	48.5	
4.058	5.21	24.11	48.6	
4.059	5.21	24.11	48.7	
4.057	5.19	24.11	48.8	
4.06	5.18	24.11	48.9	
4.059	5.2	24.11	49	
4.057	5.19	24.11	49.1	
4.06	5.2	24.11	49.2	
4.056	5.18	24.11	49.3	
4.057	5.19	24.11	49.4	
4.058	5.19	24.11	49.5	
4.059	5.19	24.11	49.6	
4.057	5.2	24.11	49.7	
4.059	5.19	24.11	49.8	
4.058	5.2	24.11	49.9	
4.058	5.18	24.11	50	
4.059	5.19	24.11	50.1	
4.059	5.18	24.11	50.2	
4.057	5.2	24.11	50.3	
4.057	5.2	24.11	50.4	
4.056	5.2	24.11	50.5	
4.058	5.19	24.11	50.6	
4.057	5.21	24.11	50.7	
4.058	5.19	24.11	50.8	
4.058	5.19	24.11	50.9	
4.059	5.19	24.11	51	
4.058	5.21	24.11	51.1	
4.058	5.2	24.11	51.2	
4.059	5.2	24.11	51.3	
4.058	5.19	24.11	51.4	
4.059	5.19	24.11	51.5	
4.06	5.19	24.11	51.6	
4.061	5.2	24.11	51.7	
4.058	5.18	24.11	51.8	
4.057	5.18	24.11	51.9	
4.058	5.21	24.11	52	
4.059	5.21	24.11	52.1	
4.058	5.2	24.11	52.2	
4.06	5.21	24.11	52.3	
4.058	5.2	24.11	52.4	
4.057	5.2	24.11	52.5	
4.056	5.19	24.11	52.6	
4.057	5.19	24.11	52.7	
4.057	5.2	24.11	52.8	
4.057	5.21	24.11	52.9	
4.058	5.2	24.11	53	
4.059	5.2	24.11	53.1	
4.058	5.21	24.11	53.2	
4.056	5.21	24.11	53.3	
4.058	5.2	24.11	53.4	
4.058	5.19	24.11	53.5	
4.057	5.2	24.11	53.6	
4.059	5.19	24.11	53.7	
4.058	5.19	24.11	53.8	
4.058	5.21	24.11	53.9	
4.057	5.2	24.11	54	
4.058	5.2	24.11	54.1	
4.057	5.2	24.11	54.2	
4.057	5.19	24.11	54.3	
4.057	5.2	24.11	54.4	
4.059	5.2	24.11	54.5	
4.057	5.2	24.11	54.6	
4.057	5.2	24.11	54.7	
4.057	5.19	24.11	54.8	
4.057	5.19	24.11	54.9	
4.057	5.19	24.11	55	
4.057	5.2	24.11	55.1	
4.057	5.19	24.11	55.2	
4.057	5.2	24.11	55.3	
4.058	5.19	24.11	55.4	
4.058	5.2	24.11	55.5	
4.058	5.19	24.11	55.6	
4.058	5.18	24.11	55.7	
4.059	5.19	24.11	55.8	
4.057	5.2	24.11	55.9	
4.057	5.19	24.11	56	
4.057	5.2	24.11	56.1	
4.056	5.18	24.11	56.2	
4.059	5.19	24.11	56.3	
4.058	5.18	24.11	56.4	
4.057	5.2	24.11	56.5	
4.057	5.22	24.11	56.6	
4.056	5.21	24.11	56.7	
4.06	5.19	24.11	56.8	
4.058	5.17	24.11	56.9	
4.058	5.2	24.11	57	
4.056	5.2	24.11	57.1	
4.058	5.18	24.11	57.2	
4.058	5.18	24.11	57.3	
4.058	5.18	24.11	57.4	
4.057	5.19	24.11	57.5	
4.058	5.21	24.11	57.6	
4.056	5.19	24.11	57.7	
4.058	5.19	24.11	57.8	
4.058	5.22	24.11	57.9	
4.055	5.19	24.11	58	
4.056	5.2	24.11	58.1	
4.058	5.21	24.11	58.2	
4.058	5.21	24.11	58.3	
4.057	5.19	24.11	58.4	
4.058	5.19	24.11	58.5	
4.058	5.19	24.11	58.6	
4.056	5.19	24.11	58.7	
4.055	5.2	24.11	58.8	
4.055	5.21	24.11	58.9	
4.057	5.19	24.11	59	
4.056	5.2	24.11	59.1	
4.058	5.19	24.11	59.2	
4.058	5.19	24.11	59.3	
4.058	5.19	24.11	59.4	
4.057	5.2	24.11	59.5	
4.056	5.19	24.11	59.6	
4.057	5.18	24.11	59.7	
4.057	5.18	24.11	59.8	
4.057	5.16	24.11	59.9	
4.057	5.21	24.11	60	
4.055	5.19	24.11	60.1	
4.056	5.19	24.11	60.2	
4.056	5.2	24.11	60.3	
4.055	5.2	24.11	60.4	
4.056	5.18	24.11	60.5	
4.057	5.2	24.11	60.6	
4.057	5.19	24.11	60.7	
4.057	5.2	24.11	60.8	
4.057	5.2	24.11	60.9	
4.058	5.19	24.11	61	
4.056	5.2	24.11	61.1	
4.056	5.19	24.11	61.2	
4.055	5.21	24.11	61.3	
4.056	5.18	24.11	61.4	
4.056	5.2	24.11	61.5	
4.057	5.2	24.11	61.6	
4.055	5.19	24.11	61.7	
4.056	5.18	24.11	61.8	
4.058	5.19	24.11	61.9	
4.055	5.19	24.11	62	
4.058	5.2	24.11	62.1	
4.056	5.2	24.11	62.2	
4.057	5.19	24.11	62.3	
4.058	5.2	24.11	62.4	
4.058	5.19	24.11	62.5	
4.055	5.22	24.11	62.6	
4.057	5.2	24.11	62.7	
4.055	5.19	24.11	62.8	
4.059	5.19	24.11	62.9	
4.056	5.19	24.11	63	
4.055	5.19	24.11	63.1	
4.056	5.21	24.11	63.2	
4.057	5.19	24.11	63.3	
4.057	5.2	24.11	63.4	
4.056	5.2	24.11	63.5	
4.058	5.2	24.11	63.6	
4.054	5.18	24.11	63.7	
4.057	5.18	24.11	63.8	
4.056	5.18	24.11	63.9	
4.057	5.19	24.11	64	
4.057	5.2	24.11	64.1	
4.056	5.19	24.11	64.2	
4.057	5.2	24.11	64.3	
4.057	5.2	24.11	64.4	
4.055	5.18	24.11	64.5	
4.056	5.19	24.11	64.6	
4.057	5.19	24.11	64.7	
4.057	5.21	24.11	64.8	
4.058	5.19	24.11	64.9	
4.056	5.19	24.11	65	
4.056	5.22	24.11	65.1	
4.057	5.21	24.11	65.2	
4.057	5.19	24.11	65.3	
4.055	5.19	24.11	65.4	
4.054	5.2	24.11	65.5	
4.056	5.2	24.11	65.6	
4.054	5.18	24.11	65.7	
4.057	5.19	24.11	65.8	
4.058	5.19	24.11	65.9	
4.055	5.19	24.11	66	
4.056	5.21	24.11	66.1	
4.056	5.21	24.11	66.2	
4.056	5.18	24.11	66.3	
4.056	5.2	24.11	66.4	
4.055	5.18	24.11	66.5	
4.054	5.19	24.11	66.6	
4.055	5.19	24.11	66.7	
4.057	5.2	24.11	66.8	
4.057	5.2	24.11	66.9	
4.057	5.18	24.11	67	
4.056	5.19	24.11	67.1	
4.056	5.19	24.1	67.2	
4.056	5.2	24.11	67.3	
4.055	5.2	24.1	67.4	
4.055	5.2	24.1	67.5	
4.055	5.2	24.1	67.6	
4.056	5.21	24.1	67.7	
4.056	5.22	24.1	67.8	
4.054	5.2	24.1	67.9	
4.057	5.19	24.1	68	
4.056	5.18	24.1	68.1	
4.056	5.18	24.1	68.2	
4.056	5.2	24.1	68.3	
4.057	5.21	24.1	68.4	
4.055	5.21	24.1	68.5	
4.054	5.21	24.1	68.6	
4.055	5.2	24.1	68.7	
4.055	5.18	24.1	68.8	
4.055	5.2	24.1	68.9	
4.055	5.2	24.1	69	
4.056	5.21	24.1	69.1	
4.055	5.2	24.1	69.2	
4.055	5.19	24.1	69.3	
4.054	5.2	24.1	69.4	
4.055	5.2	24.1	69.5	
4.056	5.2	24.1	69.6	
4.054	5.19	24.1	69.7	
4.054	5.2	24.1	69.8	
4.056	5.18	24.1	69.9	
4.055	5.2	24.1	70	
4.059	5.2	24.1	70.1	
4.056	5.21	24.1	70.2	
4.057	5.2	24.1	70.3	
4.056	5.18	24.1	70.4	
4.055	5.19	24.1	70.5	
4.056	5.19	24.1	70.6	
4.054	5.19	24.1	70.7	
4.056	5.19	24.1	70.8	
4.055	5.19	24.1	70.9	
4.056	5.19	24.1	71	
4.055	5.2	24.1	71.1	
4.055	5.18	24.1	71.2	
4.055	5.18	24.1	71.3	
4.055	5.19	24.1	71.4	
4.056	5.19	24.1	71.5	
4.054	5.19	24.1	71.6	
4.056	5.19	24.1	71.7	
4.058	5.2	24.1	71.8	
4.056	5.17	24.1	71.9	
4.055	5.19	24.1	72	
4.055	5.19	24.1	72.1	
4.054	5.2	24.1	72.2	
4.056	5.18	24.1	72.3	
4.056	5.2	24.1	72.4	
4.054	5.19	24.1	72.5	
4.055	5.17	24.1	72.6	
4.057	5.19	24.1	72.7	
4.057	5.2	24.1	72.8	
4.054	5.18	24.1	72.9	
4.056	5.19	24.1	73	
4.054	5.19	24.1	73.1	
4.055	5.17	24.1	73.2	
4.055	5.18	24.1	73.3	
4.056	5.21	24.1	73.4	
4.054	5.2	24.1	73.5	
4.056	5.2	24.1	73.6	
4.055	5.22	24.1	73.7	
4.055	5.18	24.1	73.8	
4.054	5.18	24.1	73.9	
4.055	5.2	24.1	74	
4.056	5.19	24.1	74.1	
4.055	5.2	24.1	74.2	
4.055	5.2	24.1	74.3	
4.056	5.19	24.1	74.4	
4.057	5.21	24.1	74.5	
4.055	5.2	24.1	74.6	
4.056	5.2	24.1	74.7	
4.055	5.2	24.1	74.8	
4.057	5.19	24.1	74.9	
4.055	5.18	24.1	75	
4.056	5.18	24.1	75.1	
4.056	5.19	24.1	75.2	
4.056	5.19	24.1	75.3	
4.056	5.21	24.1	75.4	
4.055	5.18	24.1	75.5	
4.055	5.2	24.1	75.6	
4.055	5.21	24.1	75.7	
4.054	5.21	24.1	75.8	
4.056	5.2	24.1	75.9	
4.055	5.19	24.1	76	
4.055	5.19	24.1	76.1	
4.054	5.18	24.1	76.2	
4.054	5.2	24.1	76.3	
4.053	5.2	24.1	76.4	
4.055	5.21	24.1	76.5	
4.054	5.18	24.1	76.6	
4.056	5.2	24.1	76.7	
4.054	5.2	24.1	76.8	
4.056	5.2	24.1	76.9	
4.054	5.2	24.1	77	
4.055	5.19	24.1	77.1	
4.055	5.21	24.1	77.2	
4.056	5.19	24.1	77.3	
4.054	5.19	24.1	77.4	
4.056	5.18	24.1	77.5	
4.053	5.2	24.1	77.6	
4.055	5.21	24.1	77.7	
4.055	5.21	24.1	77.8	
4.054	5.2	24.1	77.9	
4.054	5.2	24.1	78	
4.054	5.2	24.1	78.1	
4.055	5.17	24.1	78.2	
4.054	5.2	24.1	78.3	
4.054	5.19	24.1	78.4	
4.054	5.2	24.1	78.5	
4.054	5.19	24.1	78.6	
4.056	5.2	24.1	78.7	
4.054	5.19	24.1	78.8	
4.055	5.19	24.1	78.9	
4.054	5.2	24.1	79	
4.052	5.21	24.1	79.1	
4.054	5.19	24.1	79.2	
4.054	5.19	24.1	79.3	
4.056	5.19	24.1	79.4	
4.055	5.19	24.1	79.5	
4.054	5.19	24.1	79.6	
4.053	5.21	24.1	79.7	
4.053	5.19	24.1	79.8	
4.055	5.19	24.1	79.9	
4.054	5.19	24.1	80	
4.055	5.18	24.1	80.1	
4.055	5.19	24.1	80.2	
4.054	5.2	24.1	80.3	
4.056	5.19	24.1	80.4	
4.054	5.18	24.1	80.5	
4.055	5.2	24.1	80.6	
4.055	5.18	24.1	80.7	
4.054	5.19	24.1	80.8	
4.054	5.19	24.1	80.9	
4.056	5.19	24.1	81	
4.055	5.2	24.1	81.1	
4.056	5.2	24.1	81.2	
4.053	5.2	24.1	81.3	
4.056	5.2	24.1	81.4	
4.054	5.19	24.1	81.5	
4.055	5.2	24.1	81.6	
4.054	5.19	24.1	81.7	
4.052	5.19	24.1	81.8	
4.055	5.21	24.1	81.9	
4.054	5.19	24.1	82	
4.054	5.2	24.1	82.1	
4.054	5.18	24.1	82.2	
4.055	5.22	24.1	82.3	
4.053	5.2	24.1	82.4	
4.055	5.21	24.1	82.5	
4.054	5.2	24.1	82.6	
4.052	5.2	24.1	82.7	
4.055	5.17	24.1	82.8	
4.055	5.19	24.1	82.9	
4.054	5.2	24.1	83	
4.053	5.19	24.1	83.1	
4.054	5.19	24.1	83.2	
4.053	5.19	24.1	83.3	
4.054	5.2	24.1	83.4	
4.055	5.19	24.1	83.5	
4.055	5.21	24.1	83.6	
4.054	5.19	24.1	83.7	
4.055	5.19	24.1	83.8	
4.055	5.18	24.1	83.9	
4.053	5.19	24.1	84	
4.055	5.19	24.1	84.1	
4.054	5.19	24.1	84.2	
4.056	5.21	24.1	84.3	
4.054	5.2	24.1	84.4	
4.053	5.2	24.1	84.5	
4.055	5.18	24.1	84.6	
4.056	5.2	24.1	84.7	
4.056	5.2	24.1	84.8	
4.054	5.21	24.1	84.9	
4.054	5.21	24.1	85	
4.054	5.2	24.1	85.1	
4.055	5.2	24.1	85.2	
4.053	5.18	24.1	85.3	
4.053	5.21	24.1	85.4	
4.054	5.19	24.1	85.5	
4.055	5.2	24.1	85.6	
4.054	5.18	24.1	85.7	
4.054	5.2	24.1	85.8	
4.054	5.18	24.1	85.9	
4.053	5.2	24.1	86	
4.055	5.22	24.1	86.1	
4.055	5.19	24.1	86.2	
4.055	5.2	24.1	86.3	
4.054	5.18	24.1	86.4	
4.053	5.19	24.1	86.5	
4.054	5.18	24.1	86.6	
4.054	5.19	24.1	86.7	
4.054	5.19	24.1	86.8	
4.053	5.21	24.1	86.9	
4.055	5.21	24.1	87	
4.055	5.2	24.1	87.1	
4.054	5.2	24.1	87.2	
4.053	5.21	24.1	87.3	
4.055	5.19	24.1	87.4	
4.054	5.19	24.1	87.5	
4.055	5.19	24.1	87.6	
4.054	5.18	24.1	87.7	
4.054	5.18	24.1	87.8	
4.054	5.18	24.1	87.9	
4.054	5.19	24.1	88	
4.054	5.22	24.1	88.1	
4.056	5.2	24.1	88.2	
4.054	5.18	24.1	88.3	
4.054	5.19	24.1	88.4	
4.055	5.19	24.1	88.5	
4.054	5.2	24.1	88.6	
4.052	5.2	24.1	88.7	
4.052	5.19	24.1	88.8	
4.055	5.19	24.1	88.9	
4.053	5.2	24.1	89	
4.054	5.2	24.1	89.1	
4.055	5.19	24.1	89.2	
4.056	5.19	24.1	89.3	
4.052	5.19	24.1	89.4	
4.054	5.18	24.1	89.5	
4.053	5.2	24.1	89.6	
4.053	5.2	24.1	89.7	
4.054	5.19	24.1	89.8	
4.054	5.2	24.1	89.9	
4.055	5.2	24.1	90	
4.053	5.21	24.1	90.1	
4.052	5.17	24.1	90.2	
4.053	5.21	24.1	90.3	
4.054	5.19	24.1	90.4	
4.053	5.19	24.1	90.5	
4.053	5.18	24.1	90.6	
4.054	5.19	24.1	90.7	
4.054	5.17	24.1	90.8	
4.052	5.19	24.1	90.9	
4.054	5.22	24.1	91	
4.053	5.2	24.1	91.1	
4.054	5.17	24.1	91.2	
4.054	5.18	24.1	91.3	
4.052	5.21	24.1	91.4	
4.051	5.18	24.1	91.5	
4.054	5.21	24.1	91.6	
4.052	5.18	24.1	91.7	
4.051	5.2	24.1	91.8	
4.052	5.19	24.1	91.9	
4.054	5.19	24.1	92	
4.054	5.2	24.1	92.1	
4.053	5.2	24.1	92.2	
4.052	5.2	24.1	92.3	
4.053	5.19	24.1	92.4	
4.052	5.21	24.1	92.5	
4.053	5.18	24.1	92.6	
4.054	5.2	24.1	92.7	
4.055	5.2	24.1	92.8	
4.054	5.2	24.1	92.9	
4.052	5.18	24.1	93	
4.053	5.19	24.1	93.1	
4.055	5.2	24.1	93.2	
4.053	5.19	24.1	93.3	
4.053	5.19	24.1	93.4	
4.053	5.22	24.1	93.5	
4.053	5.21	24.1	93.6	
4.054	5.2	24.1	93.7	
4.053	5.2	24.1	93.8	
4.053	5.22	24.1	93.9	
4.054	5.2	24.1	94	
4.055	5.19	24.1	94.1	
4.053	5.2	24.1	94.2	
4.055	5.2	24.1	94.3	
4.054	5.2	24.1	94.4	
4.054	5.19	24.1	94.5	
4.053	5.2	24.1	94.6	
4.053	5.21	24.1	94.7	
4.051	5.2	24.1	94.8	
4.052	5.18	24.1	94.9	
4.053	5.21	24.1	95	
4.054	5.19	24.1	95.1	
4.053	5.2	24.1	95.2	
4.053	5.19	24.1	95.3	
4.052	5.19	24.1	95.4	
4.053	5.19	24.1	95.5	
4.053	5.19	24.1	95.6	
4.053	5.21	24.1	95.7	
4.053	5.18	24.1	95.8	
4.054	5.19	24.1	95.9	
4.053	5.2	24.1	96	
4.053	5.2	24.1	96.1	
4.052	5.2	24.1	96.2	
4.053	5.2	24.1	96.3	
4.053	5.19	24.1	96.4	
4.051	5.19	24.1	96.5	
4.051	5.2	24.1	96.6	
4.054	5.19	24.1	96.7	
4.054	5.2	24.1	96.8	
4.054	5.2	24.1	96.9	
4.053	5.2	24.1	97	
4.051	5.19	24.1	97.1	
4.053	5.21	24.1	97.2	
4.053	5.19	24.1	97.3	
4.053	5.19	24.1	97.4	
4.052	5.21	24.1	97.5	
4.053	5.2	24.1	97.6	
4.054	5.21	24.1	97.7	
4.053	5.2	24.1	97.8	
4.053	5.19	24.1	97.9	
4.052	5.19	24.1	98	
4.052	5.21	24.1	98.1	
4.053	5.2	24.1	98.2	
4.054	5.2	24.1	98.3	
4.054	5.18	24.1	98.4	
4.053	5.19	24.1	98.5	
4.053	5.18	24.1	98.6	
4.053	5.18	24.1	98.7	
4.053	5.19	24.1	98.8	
4.054	5.18	24.1	98.9	
4.053	5.21	24.1	99	
4.052	5.2	24.1	99.1	
4.054	5.19	24.1	99.2	
4.053	5.18	24.1	99.3	
4.054	5.19	24.1	99.4	
4.051	5.19	24.1	99.5	
4.053	5.19	24.1	99.6	
4.053	5.19	24.1	99.7	
4.053	5.2	24.1	99.8	
4.054	5.2	24.1	99.9	
4.052	5.2	24.1	100	
4.051	5.19	24.1	100.1	
4.053	5.21	24.1	100.2	
4.054	5.2	24.1	100.3	
4.053	5.2	24.1	100.4	
4.052	5.21	24.1	100.5	
4.053	5.19	24.1	100.6	
4.051	5.2	24.1	100.7	
4.052	5.18	24.1	100.8	
4.054	5.19	24.1	100.9	
4.052	5.21	24.1	101	
4.052	5.2	24.1	101.1	
4.055	5.2	24.1	101.2	
4.052	5.18	24.1	101.3	
4.052	5.2	24.1	101.4	
4.052	5.19	24.1	101.5	
4.053	5.2	24.1	101.6	
4.051	5.19	24.1	101.7	
4.052	5.19	24.1	101.8	
4.052	5.18	24.1	101.9	
4.051	5.19	24.1	102	
4.054	5.19	24.1	102.1	
4.052	5.2	24.1	102.2	
4.052	5.2	24.1	102.3	
4.054	5.19	24.1	102.4	
4.053	5.19	24.1	102.5	
4.053	5.19	24.1	102.6	
4.054	5.19	24.1	102.7	
4.053	5.22	24.1	102.8	
4.052	5.18	24.1	102.9	
4.052	5.19	24.1	103	
4.052	5.2	24.1	103.1	
4.053	5.2	24.1	103.2	
4.054	5.2	24.1	103.3	
4.053	5.19	24.1	103.4	
4.053	5.19	24.1	103.5	
4.054	5.18	24.1	103.6	
4.053	5.19	24.1	103.7	
4.052	5.2	24.1	103.8	
4.051	5.21	24.1	103.9	
4.05	5.17	24.1	104	
4.053	5.19	24.1	104.1	
4.051	5.2	24.1	104.2	
4.052	5.18	24.1	104.3	
4.053	5.21	24.1	104.4	
4.051	5.2	24.1	104.5	
4.051	5.21	24.1	104.6	
4.051	5.18	24.1	104.7	
4.054	5.2	24.1	104.8	
4.052	5.2	24.1	104.9	
4.053	5.19	24.1	105	
4.05	5.22	24.1	105.1	
4.054	5.19	24.1	105.2	
4.051	5.19	24.1	105.3	
4.053	5.2	24.1	105.4	
4.052	5.2	24.1	105.5	
4.051	5.19	24.1	105.6	
4.051	5.19	24.1	105.7	
4.052	5.2	24.1	105.8	
4.05	5.18	24.1	105.9	
4.05	5.18	24.1	106	
4.053	5.21	24.1	106.1	
4.052	5.2	24.1	106.2	
4.052	5.19	24.1	106.3	
4.053	5.2	24.1	106.4	
4.054	5.2	24.1	106.5	
4.05	5.19	24.1	106.6	
4.054	5.2	24.1	106.7	
4.053	5.18	24.1	106.8	
4.053	5.19	24.1	106.9	
4.052	5.19	24.1	107	
4.052	5.2	24.1	107.1	
4.052	5.2	24.1	107.2	
4.053	5.2	24.1	107.3	
4.053	5.2	24.1	107.4	
4.052	5.17	24.1	107.5	
4.052	5.19	24.1	107.6	
4.053	5.2	24.1	107.7	
4.052	5.2	24.1	107.8	
4.053	5.19	24.1	107.9	
4.051	5.18	24.1	108	
4.052	5.19	24.1	108.1	
4.053	5.18	24.1	108.2	
4.051	5.19	24.1	108.3	
4.052	5.19	24.1	108.4	
4.052	5.2	24.1	108.5	
4.053	5.21	24.1	108.6	
4.052	5.19	24.1	108.7	
4.051	5.18	24.1	108.8	
4.052	5.19	24.1	108.9	
4.052	5.18	24.1	109	
4.051	5.17	24.1	109.1	
4.048	5.18	24.1	109.2	
4.054	5.18	24.1	109.3	
4.052	5.2	24.1	109.4	
4.05	5.18	24.1	109.5	
4.053	5.19	24.1	109.6	
4.051	5.19	24.1	109.7	
4.051	5.2	24.1	109.8	
4.054	5.18	24.1	109.9	
4.052	5.2	24.1	110	
4.053	5.22	24.1	110.1	
4.05	5.2	24.1	110.2	
4.05	5.19	24.1	110.3	
4.051	5.2	24.1	110.4	
4.05	5.18	24.1	110.5	
4.053	5.19	24.1	110.6	
4.052	5.19	24.1	110.7	
4.052	5.19	24.1	110.8	
4.051	5.2	24.1	110.9	
4.051	5.2	24.1	111	
4.05	5.18	24.1	111.1	
4.053	5.18	24.1	111.2	
4.053	5.19	24.1	111.3	
4.049	5.18	24.1	111.4	
4.053	5.2	24.1	111.5	
4.051	5.2	24.1	111.6	
4.05	5.19	24.1	111.7	
4.051	5.19	24.1	111.8	
4.051	5.18	24.1	111.9	
4.052	5.2	24.1	112	
4.052	5.2	24.1	112.1	
4.052	5.17	24.1	112.2	
4.051	5.19	24.1	112.3	
4.052	5.18	24.1	112.4	
4.052	5.2	24.1	112.5	
4.052	5.21	24.1	112.6	
4.049	5.2	24.1	112.7	
4.051	5.21	24.1	112.8	
4.052	5.18	24.1	112.9	
4.053	5.21	24.1	113	
4.052	5.2	24.1	113.1	
4.051	5.19	24.1	113.2	
4.051	5.18	24.1	113.3	
4.05	5.18	24.1	113.4	
4.051	5.2	24.1	113.5	
4.051	5.2	24.1	113.6	
4.051	5.2	24.1	113.7	
4.05	5.18	24.1	113.8	
4.052	5.21	24.1	113.9	
4.051	5.2	24.1	114	
4.052	5.18	24.1	114.1	
4.052	5.18	24.1	114.2	
4.052	5.2	24.1	114.3	
4.052	5.19	24.1	114.4	
4.052	5.21	24.1	114.5	
4.051	5.21	24.1	114.6	
4.05	5.2	24.1	114.7	
4.051	5.2	24.1	114.8	
4.051	5.19	24.1	114.9	
4.053	5.19	24.1	115	
4.05	5.2	24.1	115.1	
4.05	5.21	24.1	115.2	
4.053	5.2	24.1	115.3	
4.052	5.19	24.1	115.4	
4.052	5.2	24.1	115.5	
4.052	5.2	24.1	115.6	
4.052	5.21	24.1	115.7	
4.052	5.19	24.1	115.8	
4.053	5.18	24.1	115.9	
4.054	5.2	24.1	116	
4.053	5.2	24.1	116.1	
4.052	5.21	24.1	116.2	
4.051	5.19	24.1	116.3	
4.05	5.19	24.1	116.4	
4.052	5.19	24.1	116.5	
4.051	5.2	24.1	116.6	
4.051	5.19	24.1	116.7	
4.052	5.18	24.1	116.8	
4.051	5.2	24.1	116.9	
4.051	5.21	24.1	117	
4.05	5.19	24.1	117.1	
4.051	5.2	24.1	117.2	
4.052	5.2	24.1	117.3	
4.052	5.19	24.1	117.4	
4.05	5.2	24.1	117.5	
4.051	5.19	24.1	117.6	
4.051	5.2	24.1	117.7	
4.052	5.2	24.1	117.8	
4.052	5.19	24.1	117.9	
4.051	5.2	24.1	118	
4.052	5.2	24.1	118.1	
4.05	5.2	24.1	118.2	
4.053	5.19	24.1	118.3	
4.049	5.21	24.1	118.4	
4.05	5.21	24.1	118.5	
4.053	5.19	24.1	118.6	
4.053	5.2	24.1	118.7	
4.051	5.17	24.1	118.8	
4.052	5.21	24.1	118.9	
4.051	5.19	24.1	119	
4.052	5.18	24.1	119.1	
4.052	5.2	24.1	119.2	
4.052	5.19	24.1	119.3	
4.051	5.19	24.1	119.4	
4.051	5.19	24.1	119.5	
4.052	5.19	24.1	119.6	
4.049	5.18	24.1	119.7	
4.052	5.19	24.1	119.8	
4.052	5.2	24.1	119.9	
4.051	5.19	24.1	120	
4.051	5.2	24.1	120.1	
4.051	5.19	24.1	120.2	
4.051	5.2	24.1	120.3	
4.052	5.21	24.1	120.4	
4.051	5.21	24.1	120.5	
4.052	5.18	24.1	120.6	
4.051	5.2	24.1	120.7	
4.05	5.17	24.1	120.8	
4.052	5.19	24.1	120.9	
4.05	5.21	24.1	121	
4.052	5.19	24.1	121.1	
4.053	5.2	24.1	121.2	
4.052	5.2	24.1	121.3	
4.052	5.2	24.1	121.4	
4.052	5.2	24.1	121.5	
4.053	5.19	24.1	121.6	
4.052	5.21	24.1	121.7	
4.05	5.19	24.1	121.8	
4.051	5.2	24.1	121.9	
4.051	5.18	24.1	122	
4.051	5.2	24.1	122.1	
4.05	5.19	24.1	122.2	
4.051	5.21	24.1	122.3	
4.05	5.19	24.1	122.4	
4.049	5.19	24.1	122.5	
4.052	5.19	24.1	122.6	
4.052	5.19	24.1	122.7	
4.051	5.2	24.1	122.8	
4.051	5.19	24.1	122.9	
4.05	5.2	24.1	123	
4.05	5.21	24.1	123.1	
4.051	5.19	24.1	123.2	
4.052	5.2	24.1	123.3	
4.053	5.2	24.1	123.4	
4.053	5.2	24.1	123.5	
4.051	5.21	24.1	123.6	
4.05	5.18	24.1	123.7	
4.051	5.18	24.1	123.8	
4.051	5.2	24.1	123.9	
4.052	5.18	24.1	124	
4.052	5.19	24.1	124.1	
4.052	5.19	24.1	124.2	
4.051	5.19	24.1	124.3	
4.052	5.19	24.1	124.4	
4.05	5.19	24.1	124.5	
4.051	5.19	24.1	124.6	
4.052	5.17	24.1	124.7	
4.052	5.2	24.1	124.8	
4.051	5.2	24.1	124.9	
4.052	5.2	24.1	125	
4.049	5.2	24.1	125.1	
4.05	5.2	24.1	125.2	
4.05	5.2	24.1	125.3	
4.05	5.2	24.1	125.4	
4.053	5.2	24.1	125.5	
4.05	5.19	24.1	125.6	
4.05	5.2	24.1	125.7	
4.053	5.21	24.1	125.8	
4.052	5.21	24.1	125.9	
4.051	5.21	24.1	126	
4.051	5.18	24.1	126.1	
4.05	5.18	24.1	126.2	
4.05	5.2	24.1	126.3	
4.049	5.18	24.1	126.4	
4.052	5.2	24.1	126.5	
4.052	5.2	24.1	126.6	
4.05	5.21	24.1	126.7	
4.05	5.19	24.1	126.8	
4.05	5.19	24.1	126.9	
4.05	5.21	24.1	127	
4.051	5.19	24.1	127.1	
4.05	5.19	24.1	127.2	
4.05	5.18	24.1	127.3	
4.05	5.21	24.1	127.4	
4.052	5.21	24.1	127.5	
4.05	5.2	24.1	127.6	
4.051	5.2	24.1	127.7	
4.052	5.21	24.1	127.8	
4.051	5.18	24.1	127.9	
4.05	5.19	24.1	128	
4.051	5.17	24.1	128.1	
4.051	5.19	24.1	128.2	
4.052	5.21	24.1	128.3	
4.048	5.2	24.1	128.4	
4.052	5.19	24.1	128.5	
4.05	5.19	24.1	128.6	
4.05	5.2	24.1	128.7	
4.051	5.2	24.1	128.8	
4.052	5.21	24.1	128.9	
4.05	5.2	24.1	129	
4.049	5.18	24.1	129.1	
4.049	5.18	24.1	129.2	
4.05	5.19	24.1	129.3	
4.051	5.19	24.1	129.4	
4.05	5.19	24.1	129.5	
4.051	5.2	24.1	129.6	
4.052	5.2	24.1	129.7	
4.05	5.18	24.1	129.8	
4.05	5.19	24.1	129.9	
4.05	5.2	24.1	130	
4.05	5.19	24.1	130.1	
4.05	5.18	24.1	130.2	
4.051	5.2	24.1	130.3	
4.049	5.22	24.1	130.4	
4.049	5.2	24.1	130.5	
4.049	5.21	24.1	130.6	
4.05	5.19	24.1	130.7	
4.05	5.21	24.1	130.8	
4.051	5.2	24.1	130.9	
4.051	5.2	24.1	131	
4.052	5.19	24.1	131.1	
4.049	5.2	24.1	131.2	
4.051	5.21	24.1	131.3	
4.051	5.2	24.1	131.4	
4.051	5.19	24.1	131.5	
4.05	5.18	24.1	131.6	
4.05	5.19	24.1	131.7	
4.051	5.18	24.1	131.8	
4.051	5.21	24.1	131.9	
4.05	5.18	24.1	132	
4.051	5.2	24.1	132.1	
4.051	5.2	24.1	132.2	
4.05	5.19	24.1	132.3	
4.051	5.2	24.1	132.4	
4.048	5.21	24.1	132.5	
4.051	5.2	24.1	132.6	
4.052	5.2	24.1	132.7	
4.051	5.21	24.1	132.8	
4.051	5.22	24.1	132.9	
4.049	5.19	24.1	133	
4.051	5.2	24.1	133.1	
4.049	5.2	24.1	133.2	
4.051	5.17	24.1	133.3	
4.049	5.2	24.1	133.4	
4.049	5.19	24.1	133.5	
4.05	5.2	24.1	133.6	
4.052	5.2	24.1	133.7	
4.051	5.18	24.1	133.8	
4.052	5.19	24.1	133.9	
4.051	5.19	24.1	134	
4.051	5.2	24.1	134.1	
4.051	5.19	24.1	134.2	
4.05	5.19	24.1	134.3	
4.051	5.19	24.1	134.4	
4.05	5.19	24.1	134.5	
4.051	5.2	24.1	134.6	
4.049	5.18	24.1	134.7	
4.051	5.19	24.1	134.8	
4.051	5.19	24.1	134.9	
4.051	5.19	24.1	135	
4.051	5.2	24.1	135.1	
4.051	5.21	24.1	135.2	
4.05	5.17	24.1	135.3	
4.049	5.19	24.1	135.4	
4.051	5.19	24.1	135.5	
4.049	5.2	24.1	135.6	
4.05	5.18	24.1	135.7	
4.051	5.19	24.1	135.8	
4.05	5.17	24.1	135.9	
4.051	5.17	24.1	136	
4.048	5.19	24.1	136.1	
4.049	5.2	24.1	136.2	
4.051	5.21	24.1	136.3	
4.049	5.19	24.1	136.4	
4.051	5.17	24.1	136.5	
4.05	5.19	24.1	136.6	
4.051	5.19	24.1	136.7	
4.051	5.18	24.1	136.8	
4.049	5.2	24.1	136.9	
4.051	5.2	24.1	137	
4.051	5.18	24.1	137.1	
4.05	5.2	24.1	137.2	
4.049	5.19	24.1	137.3	
4.048	5.19	24.1	137.4	
4.049	5.19	24.1	137.5	
4.049	5.2	24.1	137.6	
4.048	5.2	24.1	137.7	
4.048	5.19	24.1	137.8	
4.051	5.21	24.1	137.9	
4.05	5.21	24.1	138	
4.049	5.2	24.1	138.1	
4.05	5.19	24.1	138.2	
4.047	5.19	24.1	138.3	
4.049	5.2	24.1	138.4	
4.05	5.22	24.1	138.5	
4.049	5.18	24.1	138.6	
4.05	5.21	24.1	138.7	
4.05	5.21	24.1	138.8	
4.05	5.21	24.1	138.9	
4.05	5.2	24.1	139	
4.05	5.19	24.1	139.1	
4.05	5.19	24.1	139.2	
4.049	5.2	24.1	139.3	
4.05	5.2	24.1	139.4	
4.049	5.2	24.1	139.5	
4.05	5.21	24.1	139.6	
4.049	5.19	24.1	139.7	
4.051	5.2	24.1	139.8	
4.049	5.19	24.1	139.9	
4.048	5.2	24.1	140	
4.05	5.19	24.1	140.1	
4.05	5.19	24.1	140.2	
4.046	5.21	24.1	140.3	
4.05	5.21	24.1	140.4	
4.049	5.19	24.1	140.5	
4.049	5.2	24.1	140.6	
4.049	5.2	24.1	140.7	
4.05	5.2	24.1	140.8	
4.051	5.18	24.1	140.9	
4.05	5.19	24.1	141	
4.047	5.19	24.1	141.1	
4.049	5.21	24.1	141.2	
4.05	5.19	24.1	141.3	
4.05	5.21	24.1	141.4	
4.05	5.18	24.1	141.5	
4.051	5.2	24.1	141.6	
4.053	5.18	24.1	141.7	
4.048	5.18	24.1	141.8	
4.049	5.2	24.1	141.9	
4.051	5.21	24.1	142	
4.051	5.18	24.1	142.1	
4.05	5.2	24.1	142.2	
4.049	5.19	24.1	142.3	
4.05	5.2	24.1	142.4	
4.05	5.19	24.1	142.5	
4.05	5.2	24.1	142.6	
4.048	5.18	24.1	142.7	
4.049	5.19	24.1	142.8	
4.049	5.2	24.1	142.9	
4.05	5.19	24.1	143	
4.051	5.2	24.1	143.1	
4.05	5.2	24.1	143.2	
4.051	5.2	24.1	143.3	
4.052	5.19	24.1	143.4	
4.05	5.19	24.1	143.5	
4.05	5.18	24.1	143.6	
4.051	5.2	24.1	143.7	
4.051	5.19	24.1	143.8	
4.048	5.19	24.1	143.9	
4.05	5.19	24.1	144	
4.05	5.2	24.1	144.1	
4.048	5.2	24.1	144.2	
4.049	5.19	24.1	144.3	
4.05	5.19	24.1	144.4	
4.05	5.2	24.1	144.5	
4.049	5.2	24.1	144.6	
4.05	5.2	24.1	144.7	
4.05	5.2	24.1	144.8	
4.049	5.18	24.1	144.9	
4.049	5.19	24.1	145	
4.05	5.19	24.1	145.1	
4.048	5.2	24.1	145.2	
4.049	5.2	24.1	145.3	
4.048	5.19	24.1	145.4	
4.05	5.19	24.1	145.5	
4.049	5.19	24.1	145.6	
4.05	5.2	24.1	145.7	
4.048	5.19	24.1	145.8	
4.049	5.19	24.1	145.9	
4.048	5.2	24.1	146	
4.049	5.2	24.1	146.1	
4.05	5.21	24.1	146.2	
4.049	5.21	24.1	146.3	
4.05	5.19	24.1	146.4	
4.048	5.19	24.1	146.5	
4.049	5.19	24.1	146.6	
4.049	5.2	24.1	146.7	
4.05	5.19	24.1	146.8	
4.05	5.18	24.1	146.9	
4.049	5.21	24.1	147	
4.049	5.18	24.1	147.1	
4.05	5.2	24.1	147.2	
4.048	5.19	24.1	147.3	
4.049	5.21	24.1	147.4	
4.049	5.18	24.1	147.5	
4.05	5.17	24.1	147.6	
4.049	5.18	24.1	147.7	
4.049	5.19	24.1	147.8	
4.05	5.18	24.1	147.9	
4.049	5.19	24.1	148	
4.048	5.2	24.1	148.1	
4.048	5.2	24.1	148.2	
4.049	5.2	24.1	148.3	
4.049	5.2	24.1	148.4	
4.049	5.2	24.1	148.5	
4.05	5.2	24.1	148.6	
4.048	5.19	24.1	148.7	
4.05	5.19	24.1	148.8	
4.051	5.2	24.1	148.9	
4.05	5.19	24.1	149	
4.05	5.18	24.1	149.1	
4.05	5.19	24.1	149.2	
4.05	5.18	24.1	149.3	
4.049	5.21	24.1	149.4	
4.049	5.18	24.1	149.5	
4.048	5.18	24.1	149.6	
4.049	5.19	24.1	149.7	
4.05	5.19	24.1	149.8	
4.049	5.2	24.1	149.9	
4.049	5.19	24.1	150	
4.049	5.2	24.1	150.1	
4.049	5.19	24.1	150.2	
4.051	5.2	24.1	150.3	
4.049	5.2	24.1	150.4	
4.048	5.2	24.1	150.5	
4.049	5.17	24.1	150.6	
4.049	5.18	24.1	150.7	
4.049	5.21	24.1	150.8	
4.049	5.2	24.1	150.9	
4.05	5.19	24.1	151	
4.049	5.19	24.1	151.1	
4.051	5.21	24.1	151.2	
4.05	5.18	24.1	151.3	
4.048	5.2	24.1	151.4	
4.046	5.21	24.1	151.5	
4.048	5.18	24.1	151.6	
4.049	5.19	24.1	151.7	
4.048	5.21	24.1	151.8	
4.049	5.18	24.1	151.9	
4.047	5.19	24.1	152	
4.047	5.2	24.1	152.1	
4.048	5.21	24.1	152.2	
4.05	5.2	24.1	152.3	
4.048	5.19	24.1	152.4	
4.05	5.21	24.1	152.5	
4.049	5.2	24.1	152.6	
4.048	5.22	24.1	152.7	
4.05	5.19	24.1	152.8	
4.047	5.19	24.1	152.9	
4.049	5.2	24.1	153	
4.048	5.19	24.1	153.1	
4.05	5.18	24.1	153.2	
4.049	5.19	24.1	153.3	
4.048	5.2	24.1	153.4	
4.048	5.2	24.1	153.5	
4.051	5.18	24.1	153.6	
4.048	5.21	24.1	153.7	
4.05	5.2	24.1	153.8	
4.05	5.19	24.1	153.9	
4.049	5.2	24.1	154	
4.048	5.18	24.1	154.1	
4.049	5.2	24.1	154.2	
4.048	5.19	24.1	154.3	
4.05	5.18	24.1	154.4	
4.051	5.2	24.1	154.5	
4.047	5.21	24.1	154.6	
4.049	5.2	24.1	154.7	
4.049	5.21	24.1	154.8	
4.049	5.17	24.1	154.9	
4.047	5.18	24.1	155	
4.048	5.19	24.1	155.1	
4.05	5.19	24.1	155.2	
4.049	5.2	24.1	155.3	
4.049	5.2	24.1	155.4	
4.05	5.19	24.1	155.5	
4.049	5.19	24.1	155.6	
4.049	5.21	24.1	155.7	
4.048	5.2	24.1	155.8	
4.048	5.19	24.1	155.9	
4.05	5.19	24.1	156	
4.05	5.2	24.1	156.1	
4.049	5.2	24.1	156.2	
4.048	5.21	24.1	156.3	
4.048	5.18	24.1	156.4	
4.049	5.2	24.1	156.5	
4.049	5.21	24.1	156.6	
4.05	5.2	24.1	156.7	
4.05	5.21	24.1	156.8	
4.048	5.2	24.1	156.9	
4.048	5.18	24.1	157	
4.048	5.18	24.1	157.1	
4.049	5.21	24.1	157.2	
4.046	5.2	24.1	157.3	
4.048	5.21	24.1	157.4	
4.048	5.2	24.1	157.5	
4.051	5.23	24.1	157.6	
4.051	5.2	24.1	157.7	
4.049	5.19	24.1	157.8	
4.049	5.2	24.1	157.9	
4.048	5.19	24.1	158	
4.049	5.2	24.1	158.1	
4.05	5.19	24.1	158.2	
4.047	5.2	24.1	158.3	
4.048	5.2	24.1	158.4	
4.049	5.2	24.1	158.5	
4.049	5.2	24.1	158.6	
4.049	5.19	24.1	158.7	
4.05	5.22	24.1	158.8	
4.048	5.2	24.1	158.9	
4.048	5.19	24.1	159	
4.048	5.19	24.1	159.1	
4.048	5.21	24.1	159.2	
4.049	5.19	24.1	159.3	
4.048	5.19	24.1	159.4	
4.047	5.21	24.1	159.5	
4.048	5.21	24.1	159.6	
4.049	5.2	24.1	159.7	
4.049	5.2	24.1	159.8	
4.048	5.18	24.1	159.9	
4.049	5.2	24.1	160	
4.047	5.2	24.1	160.1	
4.047	5.21	24.1	160.2	
4.048	5.2	24.1	160.3	
4.05	5.18	24.1	160.4	
4.047	5.21	24.1	160.5	
4.047	5.18	24.1	160.6	
4.049	5.2	24.1	160.7	
4.048	5.19	24.1	160.8	
4.048	5.21	24.1	160.9	
4.048	5.2	24.1	161	
4.05	5.21	24.1	161.1	
4.049	5.18	24.1	161.2	
4.048	5.2	24.1	161.3	
4.048	5.19	24.1	161.4	
4.048	5.18	24.1	161.5	
4.048	5.18	24.1	161.6	
4.048	5.2	24.1	161.7	
4.048	5.2	24.1	161.8	
4.049	5.19	24.1	161.9	
4.048	5.19	24.1	162	
4.048	5.21	24.1	162.1	
4.047	5.2	24.1	162.2	
4.05	5.2	24.1	162.3	
4.048	5.2	24.1	162.4	
4.049	5.17	24.1	162.5	
4.049	5.2	24.1	162.6	
4.049	5.21	24.1	162.7	
4.047	5.2	24.1	162.8	
4.05	5.2	24.1	162.9	
4.048	5.19	24.1	163	
4.048	5.21	24.1	163.1	
4.049	5.19	24.1	163.2	
4.047	5.21	24.1	163.3	
4.05	5.18	24.1	163.4	
4.048	5.21	24.1	163.5	
4.048	5.2	24.1	163.6	
4.049	5.19	24.1	163.7	
4.05	5.2	24.1	163.8	
4.047	5.19	24.1	163.9	
4.048	5.2	24.1	164	
4.049	5.2	24.1	164.1	
4.049	5.2	24.1	164.2	
4.048	5.2	24.1	164.3	
4.049	5.2	24.1	164.4	
4.048	5.2	24.1	164.5	
4.049	5.18	24.1	164.6	
4.049	5.2	24.1	164.7	
4.048	5.2	24.1	164.8	
4.049	5.23	24.1	164.9	
4.049	5.18	24.1	165	
4.047	5.21	24.1	165.1	
4.047	5.2	24.1	165.2	
4.048	5.2	24.1	165.3	
4.048	5.18	24.1	165.4	
4.048	5.22	24.1	165.5	
4.05	5.2	24.1	165.6	
4.049	5.21	24.1	165.7	
4.048	5.2	24.1	165.8	
4.048	5.18	24.1	165.9	
4.049	5.17	24.1	166	
4.048	5.2	24.1	166.1	
4.048	5.21	24.1	166.2	
4.048	5.2	24.1	166.3	
4.049	5.2	24.1	166.4	
4.047	5.19	24.1	166.5	
4.045	5.21	24.1	166.6	
4.048	5.19	24.1	166.7	
4.049	5.17	24.1	166.8	
4.049	5.16	24.1	166.9	
4.047	5.19	24.1	167	
4.048	5.2	24.1	167.1	
4.048	5.21	24.1	167.2	
4.048	5.2	24.1	167.3	
4.05	5.19	24.1	167.4	
4.049	5.19	24.1	167.5	
4.05	5.17	24.1	167.6	
4.049	5.2	24.1	167.7	
4.048	5.22	24.1	167.8	
4.049	5.22	24.1	167.9	
4.048	5.2	24.1	168	
4.048	5.2	24.1	168.1	
4.048	5.2	24.1	168.2	
4.049	5.19	24.1	168.3	
4.048	5.18	24.1	168.4	
4.048	5.19	24.1	168.5	
4.048	5.22	24.1	168.6	
4.048	5.16	24.1	168.7	
4.049	5.2	24.1	168.8	
4.048	5.19	24.1	168.9	
4.049	5.18	24.1	169	
4.049	5.19	24.1	169.1	
4.049	5.2	24.1	169.2	
4.047	5.19	24.1	169.3	
4.049	5.19	24.1	169.4	
4.049	5.2	24.1	169.5	
4.048	5.2	24.1	169.6	
4.049	5.2	24.1	169.7	
4.047	5.2	24.1	169.8	
4.047	5.19	24.1	169.9	
4.047	5.2	24.1	170	
4.048	5.19	24.1	170.1	
4.049	5.2	24.1	170.2	
4.048	5.2	24.1	170.3	
4.048	5.19	24.1	170.4	
4.048	5.2	24.1	170.5	
4.049	5.2	24.1	170.6	
4.048	5.18	24.1	170.7	
4.05	5.2	24.1	170.8	
4.048	5.19	24.1	170.9	
4.049	5.18	24.1	171	
4.047	5.22	24.1	171.1	
4.046	5.19	24.1	171.2	
4.049	5.19	24.1	171.3	
4.048	5.18	24.1	171.4	
4.048	5.2	24.1	171.5	
4.047	5.2	24.1	171.6	
4.046	5.2	24.1	171.7	
4.048	5.19	24.1	171.8	
4.047	5.18	24.1	171.9	
4.05	5.21	24.1	172	
4.047	5.17	24.1	172.1	
4.048	5.22	24.1	172.2	
4.047	5.19	24.1	172.3	
4.049	5.17	24.1	172.4	
4.047	5.21	24.1	172.5	
4.049	5.19	24.1	172.6	
4.05	5.18	24.1	172.7	
4.049	5.2	24.1	172.8	
4.047	5.19	24.1	172.9	
4.046	5.21	24.1	173	
4.048	5.2	24.1	173.1	
4.048	5.2	24.1	173.2	
4.047	5.21	24.1	173.3	
4.047	5.18	24.1	173.4	
4.048	5.21	24.1	173.5	
4.048	5.21	24.1	173.6	
4.046	5.2	24.1	173.7	
4.046	5.19	24.1	173.8	
4.048	5.18	24.1	173.9	
4.046	5.2	24.1	174	
4.047	5.2	24.1	174.1	
4.048	5.19	24.1	174.2	
4.048	5.2	24.1	174.3	
4.048	5.19	24.1	174.4	
4.048	5.2	24.1	174.5	
4.049	5.19	24.1	174.6	
4.049	5.18	24.1	174.7	
4.047	5.19	24.1	174.8	
4.047	5.19	24.1	174.9	
4.047	5.19	24.1	175	
4.048	5.2	24.1	175.1	
4.048	5.16	24.1	175.2	
4.048	5.18	24.1	175.3	
4.049	5.18	24.1	175.4	
4.046	5.19	24.1	175.5	
4.048	5.21	24.1	175.6	
4.047	5.2	24.1	175.7	
4.048	5.19	24.1	175.8	
4.045	5.2	24.1	175.9	
4.048	5.19	24.1	176	
4.047	5.19	24.1	176.1	
4.049	5.19	24.1	176.2	
4.048	5.21	24.1	176.3	
4.048	5.19	24.1	176.4	
4.047	5.2	24.1	176.5	
4.047	5.16	24.1	176.6	
4.049	5.18	24.1	176.7	
4.046	5.21	24.1	176.8	
4.047	5.2	24.1	176.9	
4.048	5.18	24.1	177	
4.048	5.18	24.1	177.1	
4.048	5.18	24.1	177.2	
4.048	5.2	24.1	177.3	
4.047	5.19	24.1	177.4	
4.048	5.2	24.1	177.5	
4.047	5.21	24.1	177.6	
4.049	5.21	24.1	177.7	
4.047	5.19	24.1	177.8	
4.047	5.2	24.1	177.9	
4.048	5.19	24.1	178	
4.048	5.19	24.1	178.1	
4.047	5.19	24.1	178.2	
4.048	5.19	24.1	178.3	
4.049	5.21	24.1	178.4	
4.047	5.18	24.1	178.5	
4.047	5.2	24.1	178.6	
4.048	5.2	24.1	178.7	
4.046	5.18	24.1	178.8	
4.048	5.19	24.1	178.9	
4.049	5.2	24.1	179	
4.046	5.19	24.1	179.1	
4.048	5.19	24.1	179.2	
4.048	5.2	24.1	179.3	
4.048	5.19	24.1	179.4	
4.047	5.17	24.1	179.5	
4.046	5.18	24.1	179.6	
4.048	5.2	24.1	179.7	
4.047	5.2	24.1	179.8	
4.048	5.21	24.1	179.9	
4.048	5.19	24.1	180	
4.048	5.18	24.1	180.1	
4.047	5.19	24.1	180.2	
4.048	5.17	24.1	180.3	
4.048	5.21	24.1	180.4	
4.047	5.2	24.1	180.5	
4.048	5.2	24.1	180.6	
4.047	5.21	24.1	180.7	
4.046	5.19	24.1	180.8	
4.047	5.2	24.1	180.9	
4.048	5.2	24.1	181	
4.047	5.2	24.1	181.1	
4.045	5.22	24.1	181.2	
4.048	5.22	24.1	181.3	
4.048	5.2	24.1	181.4	
4.047	5.18	24.1	181.5	
4.048	5.2	24.1	181.6	
4.047	5.19	24.1	181.7	
4.046	5.2	24.1	181.8	
4.047	5.2	24.1	181.9	
4.047	5.18	24.1	182	
4.048	5.18	24.1	182.1	
4.046	5.22	24.1	182.2	
4.047	5.21	24.1	182.3	
4.048	5.21	24.1	182.4	
4.046	5.19	24.1	182.5	
4.047	5.19	24.1	182.6	
4.047	5.21	24.1	182.7	
4.047	5.21	24.1	182.8	
4.047	5.2	24.1	182.9	
4.047	5.21	24.1	183	
4.047	5.19	24.1	183.1	
4.048	5.2	24.1	183.2	
4.048	5.19	24.1	183.3	
4.048	5.2	24.1	183.4	
4.047	5.21	24.1	183.5	
4.048	5.2	24.1	183.6	
4.047	5.2	24.1	183.7	
4.049	5.2	24.1	183.8	
4.048	5.19	24.1	183.9	
4.047	5.19	24.1	184	
4.046	5.19	24.1	184.1	
4.046	5.21	24.1	184.2	
4.048	5.21	24.1	184.3	
4.048	5.2	24.1	184.4	
4.047	5.21	24.1	184.5	
4.048	5.19	24.1	184.6	
4.047	5.19	24.1	184.7	
4.046	5.2	24.1	184.8	
4.046	5.22	24.1	184.9	
4.047	5.18	24.1	185	
4.047	5.18	24.1	185.1	
4.047	5.16	24.1	185.2	
4.045	5.2	24.1	185.3	
4.049	5.18	24.1	185.4	
4.048	5.2	24.1	185.5	
4.046	5.2	24.1	185.6	
4.048	5.2	24.1	185.7	
4.047	5.22	24.1	185.8	
4.047	5.21	24.1	185.9	
4.047	5.18	24.1	186	
4.048	5.2	24.1	186.1	
4.047	5.18	24.1	186.2	
4.046	5.18	24.1	186.3	
4.048	5.19	24.1	186.4	
4.046	5.19	24.1	186.5	
4.047	5.2	24.1	186.6	
4.046	5.2	24.1	186.7	
4.047	5.2	24.1	186.8	
4.046	5.2	24.1	186.9	
4.048	5.21	24.1	187	
4.046	5.19	24.1	187.1	
4.047	5.21	24.1	187.2	
4.047	5.22	24.1	187.3	
4.047	5.2	24.1	187.4	
4.047	5.19	24.1	187.5	
4.049	5.19	24.1	187.6	
4.047	5.21	24.1	187.7	
4.047	5.17	24.1	187.8	
4.048	5.22	24.1	187.9	
4.047	5.16	24.1	188	
4.046	5.19	24.1	188.1	
4.047	5.18	24.1	188.2	
4.048	5.22	24.1	188.3	
4.047	5.19	24.1	188.4	
4.047	5.2	24.1	188.5	
4.047	5.18	24.1	188.6	
4.048	5.19	24.1	188.7	
4.047	5.2	24.1	188.8	
4.048	5.18	24.1	188.9	
4.047	5.2	24.1	189	
4.047	5.21	24.1	189.1	
4.048	5.21	24.1	189.2	
4.046	5.21	24.1	189.3	
4.048	5.2	24.1	189.4	
4.047	5.19	24.1	189.5	
4.048	5.2	24.1	189.6	
4.046	5.19	24.1	189.7	
4.046	5.19	24.1	189.8	
4.046	5.2	24.1	189.9	
4.046	5.19	24.1	190	
4.047	5.18	24.1	190.1	
4.049	5.19	24.1	190.2	
4.047	5.2	24.1	190.3	
4.047	5.21	24.1	190.4	
4.044	5.2	24.1	190.5	
4.048	5.21	24.1	190.6	
4.045	5.17	24.1	190.7	
4.045	5.21	24.1	190.8	
4.047	5.18	24.1	190.9	
4.046	5.21	24.1	191	
4.044	5.18	24.1	191.1	
4.048	5.2	24.1	191.2	
4.046	5.2	24.1	191.3	
4.047	5.19	24.1	191.4	
4.047	5.2	24.1	191.5	
4.046	5.2	24.1	191.6	
4.046	5.16	24.1	191.7	
4.046	5.19	24.1	191.8	
4.046	5.2	24.1	191.9	
4.047	5.18	24.1	192	
4.045	5.19	24.1	192.1	
4.047	5.2	24.1	192.2	
4.048	5.19	24.1	192.3	
4.047	5.21	24.1	192.4	
4.046	5.19	24.1	192.5	
4.048	5.22	24.1	192.6	
4.046	5.2	24.1	192.7	
4.045	5.2	24.1	192.8	
4.047	5.2	24.1	192.9	
4.046	5.19	24.1	193	
4.047	5.2	24.1	193.1	
4.049	5.19	24.1	193.2	
4.047	5.2	24.1	193.3	
4.046	5.22	24.1	193.4	
4.045	5.2	24.1	193.5	
4.047	5.17	24.1	193.6	
4.046	5.22	24.1	193.7	
4.046	5.18	24.1	193.8	
4.046	5.18	24.1	193.9	
4.047	5.2	24.1	194	
4.046	5.19	24.1	194.1	
4.045	5.21	24.1	194.2	
4.047	5.21	24.1	194.3	
4.047	5.2	24.1	194.4	
4.046	5.22	24.1	194.5	
4.048	5.18	24.1	194.6	
4.047	5.19	24.1	194.7	
4.048	5.19	24.1	194.8	
4.047	5.16	24.1	194.9	
4.048	5.19	24.1	195	
4.045	5.19	24.1	195.1	
4.047	5.17	24.1	195.2	
4.048	5.18	24.1	195.3	
4.046	5.22	24.1	195.4	
4.046	5.21	24.1	195.5	
4.045	5.19	24.1	195.6	
4.047	5.2	24.1	195.7	
4.048	5.18	24.1	195.8	
4.046	5.19	24.1	195.9	
4.045	5.17	24.1	196	
4.047	5.2	24.1	196.1	
4.048	5.17	24.1	196.2	
4.046	5.21	24.1	196.3	
4.048	5.18	24.1	196.4	
4.047	5.19	24.1	196.5	
4.046	5.21	24.1	196.6	
4.047	5.21	24.1	196.7	
4.048	5.19	24.1	196.8	
4.048	5.18	24.1	196.9	
4.046	5.2	24.1	197	
4.047	5.21	24.1	197.1	
4.047	5.22	24.1	197.2	
4.045	5.21	24.1	197.3	
4.047	5.18	24.1	197.4	
4.047	5.2	24.1	197.5	
4.047	5.18	24.1	197.6	
4.046	5.18	24.1	197.7	
4.046	5.18	24.1	197.8	
4.045	5.2	24.1	197.9	
4.047	5.19	24.1	198	
4.046	5.21	24.1	198.1	
4.048	5.19	24.1	198.2	
4.047	5.19	24.1	198.3	
4.046	5.2	24.1	198.4	
4.046	5.18	24.1	198.5	
4.047	5.2	24.1	198.6	
4.047	5.2	24.1	198.7	
4.047	5.18	24.1	198.8	
4.046	5.2	24.1	198.9	
4.047	5.18	24.1	199	
4.047	5.21	24.1	199.1	
4.048	5.19	24.1	199.2	
4.047	5.2	24.1	199.3	
4.047	5.19	24.1	199.4	
4.047	5.21	24.1	199.5	
4.048	5.2	24.1	199.6	
4.045	5.21	24.1	199.7	
4.047	5.2	24.1	199.8	
4.046	5.19	24.1	199.9	
4.046	5.21	24.1	200	
4.047	5.2	24.1	200.1	
4.047	5.21	24.1	200.2	
4.045	5.18	24.1	200.3	
4.046	5.19	24.1	200.4	
4.045	5.2	24.1	200.5	
4.045	5.19	24.1	200.6	
4.046	5.2	24.1	200.7	
4.046	5.2	24.1	200.8	
4.045	5.19	24.1	200.9	
4.047	5.22	24.1	201	
4.045	5.19	24.1	201.1	
4.046	5.19	24.1	201.2	
4.045	5.21	24.1	201.3	
4.047	5.22	24.1	201.4	
4.047	5.2	24.1	201.5	
4.048	5.19	24.1	201.6	
4.046	5.2	24.1	201.7	
4.047	5.19	24.1	201.8	
4.047	5.2	24.1	201.9	
4.047	5.2	24.1	202	
4.047	5.21	24.1	202.1	
4.048	5.21	24.1	202.2	
4.047	5.2	24.1	202.3	
4.047	5.19	24.1	202.4	
4.047	5.2	24.1	202.5	
4.048	5.19	24.1	202.6	
4.046	5.21	24.1	202.7	
4.046	5.18	24.1	202.8	
4.046	5.19	24.1	202.9	
4.048	5.21	24.1	203	
4.048	5.2	24.1	203.1	
4.048	5.19	24.1	203.2	
4.046	5.2	24.1	203.3	
4.047	5.2	24.1	203.4	
4.046	5.19	24.1	203.5	
4.046	5.21	24.1	203.6	
4.047	5.18	24.1	203.7	
4.047	5.16	24.1	203.8	
4.046	5.2	24.1	203.9	
4.046	5.2	24.1	204	
4.046	5.19	24.1	204.1	
4.046	5.2	24.1	204.2	
4.047	5.2	24.1	204.3	
4.047	5.2	24.1	204.4	
4.045	5.19	24.1	204.5	
4.047	5.22	24.1	204.6	
4.047	5.21	24.1	204.7	
4.045	5.21	24.1	204.8	
4.047	5.19	24.1	204.9	
4.047	5.2	24.1	205	
4.046	5.2	24.1	205.1	
4.045	5.21	24.1	205.2	
4.046	5.21	24.1	205.3	
4.047	5.2	24.1	205.4	
4.044	5.18	24.1	205.5	
4.046	5.16	24.1	205.6	
4.046	5.18	24.1	205.7	
4.044	5.2	24.1	205.8	
4.046	5.21	24.1	205.9	
4.046	5.21	24.1	206	
4.045	5.2	24.1	206.1	
4.045	5.18	24.1	206.2	
4.046	5.2	24.1	206.3	
4.044	5.19	24.1	206.4	
4.045	5.19	24.1	206.5	
4.047	5.15	24.1	206.6	
4.045	5.21	24.1	206.7	
4.046	5.2	24.1	206.8	
4.047	5.22	24.1	206.9	
4.045	5.21	24.1	207	
4.046	5.19	24.1	207.1	
4.046	5.19	24.1	207.2	
4.046	5.2	24.1	207.3	
4.047	5.21	24.1	207.4	
4.048	5.18	24.1	207.5	
4.046	5.23	24.1	207.6	
4.046	5.2	24.1	207.7	
4.047	5.17	24.1	207.8	
4.046	5.2	24.1	207.9	
4.046	5.18	24.1	208	
4.045	5.2	24.1	208.1	
4.046	5.19	24.1	208.2	
4.047	5.21	24.1	208.3	
4.046	5.21	24.1	208.4	
4.046	5.19	24.1	208.5	
4.045	5.21	24.1	208.6	
4.046	5.21	24.1	208.7	
4.046	5.19	24.1	208.8	
4.046	5.19	24.1	208.9	
4.045	5.21	24.1	209	
4.043	5.2	24.1	209.1	
4.047	5.2	24.1	209.2	
4.047	5.21	24.1	209.3	
4.046	5.16	24.1	209.4	
4.045	5.21	24.1	209.5	
4.046	5.21	24.1	209.6	
4.047	5.2	24.1	209.7	
4.045	5.18	24.1	209.8	
4.046	5.18	24.1	209.9	
4.046	5.21	24.1	210	
4.044	5.21	24.1	210.1	
4.045	5.2	24.1	210.2	
4.046	5.2	24.1	210.3	
4.046	5.2	24.1	210.4	
4.046	5.18	24.1	210.5	
4.045	5.19	24.1	210.6	
4.047	5.2	24.1	210.7	
4.046	5.2	24.1	210.8	
4.047	5.21	24.1	210.9	
4.045	5.2	24.1	211	
4.046	5.19	24.1	211.1	
4.046	5.19	24.1	211.2	
4.046	5.18	24.1	211.3	
4.046	5.19	24.1	211.4	
4.046	5.18	24.1	211.5	
4.047	5.19	24.1	211.6	
4.045	5.2	24.1	211.7	
4.046	5.19	24.1	211.8	
4.046	5.18	24.1	211.9	
4.046	5.19	24.1	212	
4.046	5.18	24.1	212.1	
4.045	5.15	24.1	212.2	
4.044	5.19	24.1	212.3	
4.046	5.2	24.1	212.4	
4.046	5.19	24.1	212.5	
4.046	5.2	24.1	212.6	
4.046	5.18	24.1	212.7	
4.045	5.17	24.1	212.8	
4.043	5.2	24.1	212.9	
4.044	5.18	24.1	213	
4.045	5.22	24.1	213.1	
4.046	5.16	24.1	213.2	
4.047	5.18	24.1	213.3	
4.043	5.18	24.1	213.4	
4.046	5.23	24.1	213.5	
4.046	5.23	24.1	213.6	
4.046	5.18	24.1	213.7	
4.047	5.19	24.1	213.8	
4.044	5.18	24.1	213.9	
4.046	5.22	24.1	214	
4.046	5.2	24.1	214.1	
4.045	5.18	24.1	214.2	
4.044	5.22	24.1	214.3	
4.045	5.21	24.1	214.4	
4.044	5.2	24.1	214.5	
4.045	5.18	24.1	214.6	
4.045	5.2	24.1	214.7	
4.045	5.2	24.1	214.8	
4.044	5.17	24.1	214.9	
4.047	5.2	24.1	215	
4.046	5.22	24.1	215.1	
4.046	5.19	24.1	215.2	
4.046	5.18	24.1	215.3	
4.046	5.18	24.1	215.4	
4.045	5.19	24.1	215.5	
4.046	5.2	24.1	215.6	
4.044	5.18	24.1	215.7	
4.045	5.2	24.1	215.8	
4.046	5.21	24.1	215.9	
4.045	5.19	24.1	216	
4.047	5.2	24.1	216.1	
4.044	5.19	24.1	216.2	
4.046	5.17	24.1	216.3	
4.047	5.19	24.1	216.4	
4.046	5.17	24.1	216.5	
4.047	5.19	24.1	216.6	
4.045	5.2	24.1	216.7	
4.046	5.21	24.1	216.8	
4.046	5.21	24.1	216.9	
4.046	5.2	24.1	217	
4.045	5.19	24.1	217.1	
4.044	5.2	24.1	217.2	
4.047	5.2	24.1	217.3	
4.046	5.18	24.1	217.4	
4.045	5.19	24.1	217.5	
4.046	5.19	24.1	217.6	
4.046	5.2	24.1	217.7	
4.047	5.2	24.1	217.8	
4.045	5.19	24.1	217.9	
4.046	5.2	24.1	218	
4.046	5.18	24.1	218.1	
4.045	5.18	24.1	218.2	
4.044	5.18	24.1	218.3	
4.046	5.19	24.1	218.4	
4.045	5.19	24.1	218.5	
4.046	5.19	24.1	218.6	
4.046	5.21	24.1	218.7	
4.045	5.17	24.1	218.8	
4.045	5.2	24.1	218.9	
4.047	5.22	24.1	219	
4.047	5.22	24.1	219.1	
4.046	5.22	24.1	219.2	
4.046	5.16	24.1	219.3	
4.045	5.19	24.1	219.4	
4.046	5.18	24.1	219.5	
4.046	5.2	24.1	219.6	
4.046	5.2	24.1	219.7	
4.046	5.19	24.1	219.8	
4.045	5.17	24.1	219.9	
4.045	5.2	24.1	220	
4.045	5.19	24.1	220.1	
4.045	5.18	24.1	220.2	
4.046	5.2	24.1	220.3	
4.044	5.2	24.1	220.4	
4.047	5.18	24.1	220.5	
4.044	5.21	24.1	220.6	
4.045	5.19	24.1	220.7	
4.045	5.21	24.1	220.8	
4.047	5.2	24.1	220.9	
4.046	5.23	24.1	221	
4.045	5.19	24.1	221.1	
4.044	5.22	24.1	221.2	
4.046	5.2	24.1	221.3	
4.046	5.18	24.1	221.4	
4.045	5.19	24.1	221.5	
4.045	5.21	24.1	221.6	
4.045	5.2	24.1	221.7	
4.047	5.19	24.1	221.8	
4.045	5.21	24.1	221.9	
4.046	5.19	24.1	222	
4.045	5.2	24.1	222.1	
4.049	5.2	24.1	222.2	
4.045	5.21	24.1	222.3	
4.046	5.21	24.1	222.4	
4.046	5.24	24.1	222.5	
4.047	5.2	24.1	222.6	
4.044	5.19	24.1	222.7	
4.045	5.21	24.1	222.8	
4.044	5.21	24.1	222.9	
4.045	5.17	24.1	223	
4.043	5.19	24.1	223.1	
4.044	5.19	24.1	223.2	
4.046	5.2	24.1	223.3	
4.044	5.2	24.1	223.4	
4.046	5.18	24.1	223.5	
4.046	5.19	24.1	223.6	
4.044	5.2	24.1	223.7	
4.046	5.19	24.1	223.8	
4.044	5.21	24.1	223.9	
4.046	5.19	24.1	224	
4.046	5.2	24.1	224.1	
4.045	5.2	24.1	224.2	
4.044	5.2	24.1	224.3	
4.045	5.17	24.1	224.4	
4.046	5.19	24.1	224.5	
4.042	5.2	24.1	224.6	
4.045	5.17	24.1	224.7	
4.045	5.16	24.1	224.8	
4.045	5.2	24.1	224.9	
4.046	5.19	24.1	225	
4.044	5.21	24.1	225.1	
4.046	5.21	24.1	225.2	
4.045	5.18	24.1	225.3	
4.045	5.18	24.1	225.4	
4.046	5.2	24.1	225.5	
4.045	5.21	24.1	225.6	
4.044	5.19	24.1	225.7	
4.046	5.21	24.1	225.8	
4.045	5.19	24.1	225.9	
4.045	5.19	24.1	226	
4.043	5.19	24.1	226.1	
4.044	5.18	24.1	226.2	
4.045	5.2	24.1	226.3	
4.044	5.22	24.1	226.4	
4.044	5.19	24.1	226.5	
4.046	5.17	24.1	226.6	
4.045	5.2	24.1	226.7	
4.045	5.19	24.1	226.8	
4.044	5.21	24.1	226.9	
4.045	5.2	24.1	227	
4.046	5.18	24.1	227.1	
4.045	5.2	24.1	227.2	
4.045	5.18	24.1	227.3	
4.044	5.21	24.1	227.4	
4.044	5.21	24.1	227.5	
4.045	5.2	24.1	227.6	
4.046	5.18	24.1	227.7	
4.045	5.19	24.1	227.8	
4.045	5.2	24.1	227.9	
4.044	5.21	24.1	228	
4.046	5.2	24.1	228.1	
4.045	5.19	24.1	228.2	
4.044	5.19	24.1	228.3	
4.043	5.19	24.1	228.4	
4.043	5.21	24.1	228.5	
4.045	5.18	24.1	228.6	
4.047	5.19	24.1	228.7	
4.045	5.18	24.1	228.8	
4.045	5.2	24.1	228.9	
4.045	5.2	24.1	229	
4.044	5.2	24.1	229.1	
4.044	5.19	24.1	229.2	
4.044	5.21	24.1	229.3	
4.044	5.21	24.1	229.4	
4.044	5.19	24.1	229.5	
4.044	5.22	24.1	229.6	
4.044	5.19	24.1	229.7	
4.044	5.2	24.1	229.8	
4.046	5.21	24.1	229.9	
4.045	5.19	24.1	230	
4.045	5.19	24.1	230.1	
4.046	5.21	24.1	230.2	
4.045	5.17	24.1	230.3	
4.046	5.22	24.1	230.4	
4.044	5.2	24.1	230.5	
4.045	5.19	24.1	230.6	
4.045	5.19	24.1	230.7	
4.047	5.17	24.1	230.8	
4.045	5.23	24.1	230.9	
4.045	5.22	24.1	231	
4.045	5.2	24.1	231.1	
4.046	5.2	24.1	231.2	
4.044	5.23	24.1	231.3	
4.043	5.2	24.1	231.4	
4.043	5.18	24.1	231.5	
4.044	5.2	24.1	231.6	
4.045	5.16	24.1	231.7	
4.047	5.21	24.1	231.8	
4.043	5.16	24.1	231.9	
4.046	5.2	24.1	232	
4.046	5.2	24.1	232.1	
4.045	5.15	24.1	232.2	
4.044	5.19	24.1	232.3	
4.045	5.2	24.1	232.4	
4.045	5.19	24.1	232.5	
4.044	5.22	24.1	232.6	
4.046	5.2	24.1	232.7	
4.044	5.19	24.1	232.8	
4.045	5.19	24.1	232.9	
4.044	5.19	24.1	233	
4.045	5.18	24.1	233.1	
4.044	5.2	24.1	233.2	
4.045	5.22	24.1	233.3	
4.045	5.17	24.1	233.4	
4.045	5.19	24.1	233.5	
4.045	5.18	24.1	233.6	
4.045	5.19	24.1	233.7	
4.045	5.17	24.1	233.8	
4.044	5.2	24.1	233.9	
4.042	5.2	24.1	234	
4.045	5.2	24.1	234.1	
4.045	5.19	24.1	234.2	
4.045	5.21	24.1	234.3	
4.045	5.2	24.1	234.4	
4.043	5.18	24.1	234.5	
4.045	5.19	24.1	234.6	
4.045	5.17	24.1	234.7	
4.043	5.19	24.1	234.8	
4.045	5.21	24.1	234.9	
4.045	5.2	24.1	235	
4.045	5.21	24.1	235.1	
4.045	5.19	24.1	235.2	
4.044	5.18	24.1	235.3	
4.045	5.19	24.1	235.4	
4.044	5.18	24.1	235.5	
4.044	5.18	24.1	235.6	
4.044	5.17	24.1	235.7	
4.043	5.2	24.1	235.8	
4.044	5.18	24.1	235.9	
4.045	5.19	24.1	236	
4.045	5.22	24.1	236.1	
4.043	5.2	24.1	236.2	
4.045	5.21	24.1	236.3	
4.046	5.18	24.1	236.4	
4.044	5.21	24.1	236.5	
4.046	5.19	24.1	236.6	
4.044	5.17	24.1	236.7	
4.044	5.21	24.1	236.8	
4.044	5.2	24.1	236.9	
4.045	5.2	24.1	237	
4.045	5.2	24.1	237.1	
4.046	5.18	24.1	237.2	
4.045	5.2	24.1	237.3	
4.045	5.21	24.1	237.4	
4.045	5.2	24.1	237.5	
4.044	5.17	24.1	237.6	
4.045	5.21	24.1	237.7	
4.046	5.19	24.1	237.8	
4.045	5.17	24.1	237.9	
4.042	5.19	24.1	238	
4.045	5.22	24.1	238.1	
4.046	5.22	24.1	238.2	
4.044	5.2	24.1	238.3	
4.044	5.17	24.1	238.4	
4.045	5.19	24.1	238.5	
4.045	5.21	24.1	238.6	
4.045	5.17	24.1	238.7	
4.044	5.18	24.1	238.8	
4.043	5.19	24.1	238.9	
4.043	5.2	24.1	239	
4.044	5.19	24.1	239.1	
4.044	5.22	24.1	239.2	
4.045	5.19	24.1	239.3	
4.045	5.17	24.1	239.4	
4.044	5.2	24.1	239.5	
4.045	5.2	24.1	239.6	
4.044	5.2	24.1	239.7	
4.044	5.17	24.1	239.8	
4.046	5.19	24.1	239.9	
4.044	5.21	24.1	240	
4.044	5.21	24.1	240.1	
4.046	5.18	24.1	240.2	
4.044	5.19	24.1	240.3	
4.045	5.2	24.1	240.4	
4.043	5.2	24.1	240.5	
4.045	5.2	24.1	240.6	
4.044	5.18	24.1	240.7	
4.042	5.19	24.1	240.8	
4.044	5.19	24.1	240.9	
4.044	5.18	24.1	241	
4.045	5.17	24.1	241.1	
4.045	5.18	24.1	241.2	
4.045	5.19	24.1	241.3	
4.043	5.19	24.1	241.4	
4.045	5.19	24.1	241.5	
4.045	5.22	24.1	241.6	
4.044	5.2	24.1	241.7	
4.046	5.17	24.1	241.8	
4.045	5.18	24.1	241.9	
4.045	5.18	24.1	242	
4.045	5.21	24.1	242.1	
4.044	5.2	24.1	242.2	
4.046	5.21	24.1	242.3	
4.045	5.21	24.1	242.4	
4.045	5.2	24.1	242.5	
4.045	5.18	24.1	242.6	
4.044	5.18	24.1	242.7	
4.043	5.18	24.1	242.8	
4.044	5.17	24.1	242.9	
4.045	5.17	24.1	243	
4.044	5.18	24.1	243.1	
4.045	5.21	24.1	243.2	
4.046	5.19	24.1	243.3	
4.044	5.18	24.1	243.4	
4.046	5.17	24.1	243.5	
4.045	5.17	24.1	243.6	
4.044	5.19	24.1	243.7	
4.043	5.19	24.1	243.8	
4.044	5.2	24.1	243.9	
4.043	5.2	24.1	244	
4.043	5.17	24.1	244.1	
4.044	5.19	24.1	244.2	
4.043	5.2	24.1	244.3	
4.044	5.16	24.1	244.4	
4.043	5.18	24.1	244.5	
4.043	5.18	24.1	244.6	
4.044	5.19	24.1	244.7	
4.044	5.21	24.1	244.8	
4.044	5.19	24.1	244.9	
4.043	5.2	24.1	245	
4.043	5.2	24.1	245.1	
4.045	5.19	24.1	245.2	
4.044	5.21	24.1	245.3	
4.045	5.18	24.1	245.4	
4.043	5.2	24.1	245.5	
4.045	5.19	24.1	245.6	
4.045	5.17	24.1	245.7	
4.045	5.17	24.1	245.8	
4.044	5.21	24.1	245.9	
4.045	5.17	24.1	246	
4.045	5.18	24.1	246.1	
4.045	5.19	24.1	246.2	
4.043	5.17	24.1	246.3	
4.045	5.2	24.1	246.4	
4.044	5.18	24.1	246.5	
4.043	5.17	24.1	246.6	
4.044	5.2	24.1	246.7	
4.043	5.19	24.1	246.8	
4.044	5.18	24.1	246.9	
4.045	5.2	24.1	247	
4.045	5.17	24.1	247.1	
4.044	5.22	24.1	247.2	
4.045	5.2	24.1	247.3	
4.044	5.2	24.1	247.4	
4.045	5.18	24.1	247.5	
4.046	5.19	24.1	247.6	
4.044	5.17	24.1	247.7	
4.043	5.19	24.1	247.8	
4.044	5.2	24.1	247.9	
4.044	5.18	24.1	248	
4.045	5.21	24.1	248.1	
4.042	5.22	24.1	248.2	
4.044	5.21	24.1	248.3	
4.044	5.17	24.1	248.4	
4.043	5.19	24.1	248.5	
4.045	5.19	24.1	248.6	
4.046	5.21	24.1	248.7	
4.044	5.2	24.1	248.8	
4.044	5.19	24.1	248.9	
4.044	5.19	24.1	249	
4.042	5.2	24.1	249.1	
4.044	5.2	24.1	249.2	
4.045	5.19	24.1	249.3	
4.046	5.18	24.1	249.4	
4.043	5.15	24.1	249.5	
4.044	5.2	24.1	249.6	
4.045	5.21	24.1	249.7	
4.043	5.19	24.1	249.8	
4.043	5.2	24.1	249.9	
4.044	5.19	24.1	250	
4.045	5.18	24.1	250.1	
4.044	5.19	24.1	250.2	
4.044	5.21	24.1	250.3	
4.045	5.17	24.1	250.4	
4.045	5.18	24.1	250.5	
4.046	5.2	24.1	250.6	
4.044	5.19	24.1	250.7	
4.044	5.19	24.1	250.8	
4.043	5.19	24.1	250.9	
4.044	5.2	24.1	251	
4.044	5.2	24.1	251.1	
4.044	5.18	24.1	251.2	
4.044	5.19	24.1	251.3	
4.042	5.2	24.1	251.4	
4.044	5.18	24.1	251.5	
4.045	5.21	24.1	251.6	
4.044	5.21	24.1	251.7	
4.045	5.16	24.1	251.8	
4.042	5.19	24.1	251.9	
4.043	5.2	24.1	252	
4.043	5.21	24.1	252.1	
4.044	5.19	24.1	252.2	
4.044	5.19	24.1	252.3	
4.042	5.19	24.1	252.4	
4.044	5.2	24.1	252.5	
4.044	5.19	24.1	252.6	
4.046	5.18	24.1	252.7	
4.045	5.2	24.1	252.8	
4.042	5.2	24.1	252.9	
4.044	5.2	24.1	253	
4.045	5.2	24.1	253.1	
4.044	5.19	24.1	253.2	
4.045	5.19	24.1	253.3	
4.043	5.2	24.1	253.4	
4.043	5.19	24.1	253.5	
4.042	5.19	24.1	253.6	
4.043	5.18	24.1	253.7	
4.044	5.2	24.1	253.8	
4.043	5.2	24.1	253.9	
4.044	5.19	24.1	254	
4.042	5.19	24.1	254.1	
4.043	5.2	24.1	254.2	
4.042	5.2	24.1	254.3	
4.044	5.21	24.1	254.4	
4.043	5.17	24.1	254.5	
4.043	5.17	24.1	254.6	
4.044	5.18	24.1	254.7	
4.044	5.2	24.1	254.8	
4.042	5.19	24.1	254.9	
4.044	5.19	24.1	255	
4.044	5.18	24.1	255.1	
4.042	5.22	24.1	255.2	
4.044	5.2	24.1	255.3	
4.043	5.2	24.1	255.4	
4.044	5.19	24.1	255.5	
4.045	5.19	24.1	255.6	
4.045	5.19	24.1	255.7	
4.043	5.2	24.1	255.8	
4.045	5.21	24.1	255.9	
4.043	5.2	24.1	256	
4.045	5.2	24.1	256.1	
4.043	5.18	24.1	256.2	
4.043	5.19	24.1	256.3	
4.042	5.19	24.1	256.4	
4.044	5.22	24.1	256.5	
4.044	5.18	24.1	256.6	
4.042	5.21	24.1	256.7	
4.043	5.2	24.1	256.8	
4.042	5.19	24.1	256.9	
4.045	5.2	24.1	257	
4.045	5.2	24.1	257.1	
4.043	5.21	24.1	257.2	
4.044	5.18	24.1	257.3	
4.044	5.21	24.1	257.4	
4.044	5.19	24.1	257.5	
4.043	5.2	24.1	257.6	
4.043	5.2	24.1	257.7	
4.043	5.2	24.1	257.8	
4.044	5.18	24.1	257.9	
4.043	5.21	24.1	258	
4.042	5.19	24.1	258.1	
4.042	5.2	24.1	258.2	
4.044	5.2	24.1	258.3	
4.045	5.21	24.1	258.4	
4.044	5.19	24.1	258.5	
4.044	5.2	24.1	258.6	
4.043	5.2	24.1	258.7	
4.045	5.19	24.1	258.8	
4.044	5.22	24.1	258.9	
4.044	5.23	24.1	259	
4.043	5.19	24.1	259.1	
4.043	5.18	24.1	259.2	
4.043	5.2	24.1	259.3	
4.045	5.21	24.1	259.4	
4.041	5.21	24.1	259.5	
4.041	5.21	24.1	259.6	
4.044	5.21	24.1	259.7	
4.044	5.22	24.1	259.8	
4.043	5.18	24.1	259.9	
4.044	5.18	24.1	260	
4.044	5.19	24.1	260.1	
4.044	5.21	24.1	260.2	
4.043	5.19	24.1	260.3	
4.045	5.19	24.1	260.4	
4.044	5.2	24.1	260.5	
4.044	5.2	24.1	260.6	
4.042	5.22	24.1	260.7	
4.042	5.19	24.1	260.8	
4.045	5.21	24.1	260.9	
4.044	5.18	24.1	261	
4.044	5.2	24.1	261.1	
4.043	5.19	24.1	261.2	
4.044	5.18	24.1	261.3	
4.045	5.21	24.1	261.4	
4.043	5.19	24.1	261.5	
4.043	5.18	24.1	261.6	
4.042	5.19	24.1	261.7	
4.046	5.2	24.1	261.8	
4.045	5.2	24.1	261.9	
4.043	5.19	24.1	262	
4.043	5.21	24.1	262.1	
4.043	5.19	24.1	262.2	
4.043	5.17	24.1	262.3	
4.043	5.2	24.1	262.4	
4.044	5.18	24.1	262.5	
4.044	5.18	24.1	262.6	
4.044	5.2	24.1	262.7	
4.042	5.18	24.1	262.8	
4.042	5.21	24.1	262.9	
4.044	5.2	24.1	263	
4.043	5.2	24.1	263.1	
4.045	5.19	24.1	263.2	
4.043	5.2	24.1	263.3	
4.044	5.21	24.1	263.4	
4.042	5.2	24.1	263.5	
4.043	5.18	24.1	263.6	
4.044	5.17	24.1	263.7	
4.044	5.2	24.1	263.8	
4.043	5.18	24.1	263.9	
4.045	5.23	24.1	264	
4.042	5.22	24.1	264.1	
4.043	5.2	24.1	264.2	
4.044	5.2	24.1	264.3	
4.044	5.2	24.1	264.4	
4.044	5.2	24.1	264.5	
4.044	5.2	24.1	264.6	
4.044	5.19	24.1	264.7	
4.041	5.19	24.1	264.8	
4.041	5.2	24.1	264.9	
4.043	5.2	24.1	265	
4.045	5.21	24.1	265.1	
4.044	5.19	24.1	265.2	
4.043	5.2	24.1	265.3	
4.044	5.19	24.1	265.4	
4.044	5.21	24.1	265.5	
4.042	5.22	24.1	265.6	
4.044	5.2	24.1	265.7	
4.042	5.2	24.1	265.8	
4.044	5.2	24.1	265.9	
4.042	5.22	24.1	266	
4.042	5.19	24.1	266.1	
4.042	5.19	24.1	266.2	
4.044	5.19	24.1	266.3	
4.044	5.17	24.1	266.4	
4.044	5.16	24.1	266.5	
4.042	5.2	24.1	266.6	
4.043	5.19	24.1	266.7	
4.044	5.15	24.1	266.8	
4.043	5.19	24.1	266.9	
4.043	5.22	24.1	267	
4.044	5.21	24.1	267.1	
4.042	5.19	24.1	267.2	
4.044	5.18	24.1	267.3	
4.044	5.18	24.1	267.4	
4.043	5.21	24.1	267.5	
4.043	5.19	24.1	267.6	
4.045	5.2	24.1	267.7	
4.042	5.22	24.1	267.8	
4.044	5.21	24.1	267.9	
4.043	5.2	24.1	268	
4.044	5.2	24.1	268.1	
4.044	5.18	24.1	268.2	
4.045	5.2	24.1	268.3	
4.043	5.19	24.1	268.4	
4.044	5.19	24.1	268.5	
4.043	5.18	24.1	268.6	
4.044	5.17	24.1	268.7	
4.043	5.17	24.1	268.8	
4.043	5.17	24.1	268.9	
4.045	5.19	24.1	269	
4.043	5.18	24.1	269.1	
4.045	5.17	24.1	269.2	
4.043	5.19	24.1	269.3	
4.046	5.18	24.1	269.4	
4.043	5.19	24.1	269.5	
4.043	5.2	24.1	269.6	
4.043	5.16	24.1	269.7	
4.042	5.21	24.1	269.8	
4.039	5.18	24.1	269.9	
4.042	5.19	24.1	270	
4.044	5.17	24.1	270.1	
4.043	5.19	24.1	270.2	
4.042	5.18	24.1	270.3	
4.042	5.2	24.1	270.4	
4.044	5.21	24.1	270.5	
4.043	5.19	24.1	270.6	
4.044	5.18	24.1	270.7	
4.042	5.19	24.1	270.8	
4.046	5.2	24.1	270.9	
4.044	5.21	24.1	271	
4.044	5.19	24.1	271.1	
4.042	5.16	24.1	271.2	
4.043	5.18	24.1	271.3	
4.043	5.21	24.1	271.4	
4.041	5.19	24.1	271.5	
4.042	5.2	24.1	271.6	
4.043	5.21	24.1	271.7	
4.043	5.2	24.1	271.8	
4.042	5.2	24.1	271.9	
4.043	5.18	24.1	272	
4.044	5.19	24.1	272.1	
4.044	5.19	24.1	272.2	
4.043	5.2	24.1	272.3	
4.044	5.19	24.1	272.4	
4.042	5.18	24.1	272.5	
4.039	5.2	24.1	272.6	
4.043	5.21	24.1	272.7	
4.042	5.19	24.1	272.8	
4.043	5.19	24.1	272.9	
4.041	5.19	24.1	273	
4.043	5.2	24.1	273.1	
4.043	5.19	24.1	273.2	
4.044	5.18	24.1	273.3	
4.043	5.21	24.1	273.4	
4.045	5.2	24.1	273.5	
4.043	5.19	24.1	273.6	
4.044	5.18	24.1	273.7	
4.042	5.17	24.1	273.8	
4.044	5.18	24.1	273.9	
4.042	5.18	24.1	274	
4.043	5.19	24.1	274.1	
4.043	5.18	24.1	274.2	
4.043	5.23	24.1	274.3	
4.043	5.2	24.1	274.4	
4.042	5.2	24.1	274.5	
4.044	5.18	24.1	274.6	
4.043	5.18	24.1	274.7	
4.044	5.2	24.1	274.8	
4.045	5.18	24.1	274.9	
4.041	5.2	24.1	275	
4.045	5.2	24.1	275.1	
4.043	5.19	24.1	275.2	
4.043	5.2	24.1	275.3	
4.044	5.19	24.1	275.4	
4.043	5.19	24.1	275.5	
4.042	5.18	24.1	275.6	
4.043	5.21	24.1	275.7	
4.043	5.19	24.1	275.8	
4.044	5.21	24.1	275.9	
4.043	5.21	24.1	276	
4.043	5.19	24.1	276.1	
4.042	5.21	24.1	276.2	
4.042	5.19	24.1	276.3	
4.043	5.2	24.1	276.4	
4.043	5.19	24.1	276.5	
4.043	5.19	24.1	276.6	
4.043	5.2	24.1	276.7	
4.043	5.2	24.1	276.8	
4.042	5.2	24.1	276.9	
4.044	5.19	24.1	277	
4.042	5.21	24.1	277.1	
4.045	5.17	24.1	277.2	
4.041	5.2	24.1	277.3	
4.043	5.19	24.1	277.4	
4.044	5.19	24.1	277.5	
4.045	5.18	24.1	277.6	
4.043	5.2	24.1	277.7	
4.042	5.19	24.1	277.8	
4.042	5.21	24.1	277.9	
4.042	5.19	24.1	278	
4.042	5.2	24.1	278.1	
4.043	5.2	24.1	278.2	
4.042	5.19	24.1	278.3	
4.042	5.2	24.1	278.4	
4.044	5.2	24.1	278.5	
4.043	5.18	24.1	278.6	
4.043	5.18	24.1	278.7	
4.042	5.19	24.1	278.8	
4.044	5.21	24.1	278.9	
4.045	5.18	24.1	279	
4.041	5.21	24.1	279.1	
4.043	5.21	24.1	279.2	
4.042	5.19	24.1	279.3	
4.044	5.19	24.1	279.4	
4.043	5.2	24.1	279.5	
4.042	5.21	24.1	279.6	
4.042	5.2	24.1	279.7	
4.043	5.19	24.1	279.8	
4.044	5.18	24.1	279.9	
4.041	5.18	24.1	280	
4.043	5.19	24.1	280.1	
4.041	5.19	24.1	280.2	
4.044	5.18	24.1	280.3	
4.045	5.21	24.1	280.4	
4.044	5.2	24.1	280.5	
4.04	5.19	24.1	280.6	
4.041	5.21	24.1	280.7	
4.043	5.17	24.1	280.8	
4.045	5.21	24.1	280.9	
4.043	5.16	24.1	281	
4.043	5.19	24.1	281.1	
4.043	5.2	24.1	281.2	
4.041	5.2	24.1	281.3	
4.043	5.17	24.1	281.4	
4.043	5.2	24.1	281.5	
4.043	5.2	24.1	281.6	
4.044	5.17	24.1	281.7	
4.044	5.2	24.1	281.8	
4.042	5.2	24.1	281.9	
4.042	5.19	24.1	282	
4.043	5.22	24.1	282.1	
4.043	5.18	24.1	282.2	
4.044	5.19	24.1	282.3	
4.043	5.21	24.1	282.4	
4.042	5.21	24.1	282.5	
4.042	5.2	24.1	282.6	
4.041	5.17	24.1	282.7	
4.043	5.19	24.1	282.8	
4.043	5.2	24.1	282.9	
4.043	5.21	24.1	283	
4.041	5.19	24.1	283.1	
4.042	5.18	24.1	283.2	
4.043	5.2	24.1	283.3	
4.042	5.19	24.1	283.4	
4.042	5.19	24.1	283.5	
4.042	5.21	24.1	283.6	
4.044	5.2	24.1	283.7	
4.044	5.21	24.1	283.8	
4.044	5.21	24.1	283.9	
4.042	5.19	24.1	284	
4.044	5.19	24.1	284.1	
4.041	5.17	24.1	284.2	
4.041	5.19	24.1	284.3	
4.042	5.18	24.1	284.4	
4.043	5.2	24.1	284.5	
4.042	5.16	24.1	284.6	
4.043	5.21	24.1	284.7	
4.043	5.19	24.1	284.8	
4.042	5.2	24.1	284.9	
4.043	5.16	24.1	285	
4.043	5.18	24.1	285.1	
4.041	5.2	24.1	285.2	
4.042	5.19	24.1	285.3	
4.043	5.19	24.1	285.4	
4.043	5.2	24.1	285.5	
4.044	5.2	24.1	285.6	
4.041	5.21	24.1	285.7	
4.043	5.21	24.1	285.8	
4.041	5.22	24.1	285.9	
4.042	5.16	24.1	286	
4.043	5.22	24.1	286.1	
4.043	5.2	24.1	286.2	
4.041	5.2	24.1	286.3	
4.042	5.19	24.1	286.4	
4.043	5.18	24.1	286.5	
4.042	5.2	24.1	286.6	
4.043	5.2	24.1	286.7	
4.041	5.19	24.1	286.8	
4.043	5.16	24.1	286.9	
4.042	5.2	24.1	287	
4.042	5.21	24.1	287.1	
4.041	5.21	24.1	287.2	
4.042	5.23	24.1	287.3	
4.043	5.17	24.1	287.4	
4.042	5.21	24.1	287.5	
4.041	5.2	24.1	287.6	
4.043	5.17	24.1	287.7	
4.041	5.21	24.1	287.8	
4.045	5.22	24.1	287.9	
4.044	5.19	24.1	288	
4.043	5.19	24.1	288.1	
4.042	5.18	24.1	288.2	
4.043	5.16	24.1	288.3	
4.043	5.21	24.1	288.4	
4.043	5.19	24.1	288.5	
4.043	5.21	24.1	288.6	
4.043	5.21	24.1	288.7	
4.042	5.18	24.1	288.8	
4.042	5.21	24.1	288.9	
4.042	5.2	24.1	289	
4.041	5.18	24.1	289.1	
4.041	5.23	24.1	289.2	
4.043	5.2	24.1	289.3	
4.042	5.2	24.1	289.4	
4.042	5.19	24.1	289.5	
4.043	5.19	24.1	289.6	
4.044	5.16	24.1	289.7	
4.045	5.2	24.1	289.8	
4.042	5.2	24.1	289.9	
4.043	5.2	24.1	290	
4.041	5.2	24.1	290.1	
4.043	5.16	24.1	290.2	
4.043	5.21	24.1	290.3	
4.041	5.19	24.1	290.4	
4.043	5.19	24.1	290.5	
4.041	5.18	24.1	290.6	
4.045	5.18	24.1	290.7	
4.043	5.19	24.1	290.8	
4.043	5.2	24.1	290.9	
4.041	5.2	24.1	291	
4.042	5.17	24.1	291.1	
4.042	5.21	24.1	291.2	
4.044	5.21	24.1	291.3	
4.042	5.2	24.1	291.4	
4.042	5.21	24.1	291.5	
4.043	5.17	24.1	291.6	
4.042	5.18	24.1	291.7	
4.042	5.2	24.1	291.8	
4.042	5.21	24.1	291.9	
4.042	5.17	24.1	292	
4.042	5.24	24.1	292.1	
4.042	5.21	24.1	292.2	
4.041	5.2	24.1	292.3	
4.042	5.21	24.1	292.4	
4.043	5.17	24.1	292.5	
4.042	5.18	24.1	292.6	
4.043	5.21	24.1	292.7	
4.042	5.18	24.1	292.8	
4.043	5.17	24.1	292.9	
4.042	5.19	24.1	293	
4.042	5.21	24.1	293.1	
4.041	5.19	24.1	293.2	
4.042	5.19	24.1	293.3	
4.041	5.16	24.1	293.4	
4.04	5.23	24.1	293.5	
4.041	5.18	24.1	293.6	
4.043	5.21	24.1	293.7	
4.043	5.22	24.1	293.8	
4.044	5.23	24.1	293.9	
4.042	5.19	24.1	294	
4.042	5.2	24.1	294.1	
4.042	5.21	24.1	294.2	
4.04	5.17	24.1	294.3	
4.042	5.22	24.1	294.4	
4.042	5.22	24.1	294.5	
4.044	5.17	24.1	294.6	
4.042	5.19	24.1	294.7	
4.043	5.21	24.1	294.8	
4.043	5.21	24.1	294.9	
4.042	5.2	24.1	295	
4.042	5.19	24.1	295.1	
4.042	5.18	24.1	295.2	
4.042	5.22	24.1	295.3	
4.043	5.2	24.1	295.4	
4.044	5.21	24.1	295.5	
4.042	5.19	24.1	295.6	
4.043	5.2	24.1	295.7	
4.043	5.17	24.1	295.8	
4.042	5.19	24.1	295.9	
4.043	5.19	24.1	296	
4.041	5.2	24.1	296.1	
4.042	5.16	24.1	296.2	
4.043	5.16	24.1	296.3	
4.042	5.18	24.1	296.4	
4.039	5.18	24.1	296.5	
4.043	5.22	24.1	296.6	
4.042	5.18	24.1	296.7	
4.042	5.24	24.1	296.8	
4.042	5.2	24.1	296.9	
4.042	5.2	24.1	297	
4.041	5.21	24.1	297.1	
4.041	5.2	24.1	297.2	
4.043	5.2	24.1	297.3	
4.042	5.19	24.1	297.4	
4.041	5.19	24.1	297.5	
4.042	5.22	24.1	297.6	
4.041	5.24	24.1	297.7	
4.042	5.18	24.1	297.8	
4.042	5.19	24.1	297.9	
4.04	5.2	24.1	298	
4.042	5.21	24.1	298.1	
4.042	5.16	24.1	298.2	
4.043	5.18	24.1	298.3	
4.041	5.19	24.1	298.4	
4.042	5.19	24.1	298.5	
4.04	5.13	24.1	298.6	
4.043	5.17	24.1	298.7	
4.043	5.2	24.1	298.8	
4.042	5.21	24.1	298.9	
4.042	5.23	24.1	299	
4.041	5.2	24.1	299.1	
4.043	5.19	24.1	299.2	
4.043	5.19	24.1	299.3	
4.041	5.18	24.1	299.4	
4.042	5.22	24.1	299.5	
4.041	5.2	24.1	299.6	
4.042	5.18	24.1	299.7	
4.043	5.18	24.1	299.8	
4.041	5.19	24.1	299.9	
4.042	5.23	24.1	300	
4.042	5.2	24.1	300.1	
4.043	5.19	24.1	300.2	
4.041	5.17	24.1	300.3	
4.04	5.2	24.1	300.4	
4.042	5.18	24.1	300.5	
4.042	5.2	24.1	300.6	
4.041	5.2	24.1	300.7	
4.042	5.22	24.1	300.8	
4.043	5.19	24.1	300.9	
4.042	5.2	24.1	301	
4.042	5.2	24.1	301.1	
4.042	5.2	24.1	301.2	
4.043	5.23	24.1	301.3	
4.043	5.17	24.1	301.4	
4.042	5.19	24.1	301.5	
4.04	5.2	24.1	301.6	
4.042	5.17	24.1	301.7	
4.042	5.19	24.1	301.8	
4.041	5.18	24.1	301.9	
4.041	5.21	24.1	302	
4.041	5.2	24.1	302.1	
4.043	5.21	24.1	302.2	
4.042	5.19	24.1	302.3	
4.042	5.19	24.1	302.4	
4.039	5.19	24.1	302.5	
4.042	5.19	24.1	302.6	
4.044	5.19	24.1	302.7	
4.04	5.2	24.1	302.8	
4.042	5.16	24.1	302.9	
4.042	5.19	24.1	303	
4.041	5.2	24.1	303.1	
4.042	5.22	24.1	303.2	
4.042	5.2	24.1	303.3	
4.042	5.2	24.1	303.4	
4.041	5.18	24.1	303.5	
4.042	5.22	24.1	303.6	
4.042	5.22	24.1	303.7	
4.041	5.16	24.1	303.8	
4.042	5.21	24.1	303.9	
4.042	5.2	24.1	304	
4.041	5.2	24.1	304.1	
4.043	5.21	24.1	304.2	
4.042	5.19	24.1	304.3	
4.041	5.2	24.1	304.4	
4.041	5.17	24.1	304.5	
4.041	5.2	24.1	304.6	
4.041	5.19	24.1	304.7	
4.042	5.2	24.1	304.8	
4.041	5.2	24.1	304.9	
4.042	5.21	24.1	305	
4.043	5.18	24.1	305.1	
4.042	5.18	24.1	305.2	
4.042	5.19	24.1	305.3	
4.043	5.2	24.1	305.4	
4.044	5.19	24.1	305.5	
4.043	5.18	24.1	305.6	
4.043	5.19	24.1	305.7	
4.041	5.19	24.1	305.8	
4.041	5.19	24.1	305.9	
4.044	5.19	24.1	306	
4.042	5.19	24.1	306.1	
4.041	5.19	24.1	306.2	
4.041	5.21	24.1	306.3	
4.041	5.2	24.1	306.4	
4.041	5.2	24.1	306.5	
4.042	5.19	24.1	306.6	
4.041	5.2	24.1	306.7	
4.042	5.21	24.1	306.8	
4.042	5.19	24.1	306.9	
4.041	5.19	24.1	307	
4.042	5.19	24.1	307.1	
4.041	5.19	24.1	307.2	
4.042	5.19	24.1	307.3	
4.04	5.16	24.1	307.4	
4.041	5.22	24.1	307.5	
4.041	5.19	24.1	307.6	
